
817 817 3018
2 1
3 1
4 1
5 1
6 1
163 1
164 1
170 1
171 1
3 2
4 2
5 2
6 2
163 2
164 2
170 2
171 2
4 3
5 3
6 3
163 3
164 3
5 4
6 4
7 4
8 4
9 4
176 4
177 4
7 5
8 5
9 5
176 5
177 5
7 6
8 6
9 6
8 7
9 7
10 7
11 7
12 7
182 7
183 7
9 8
10 8
11 8
12 8
182 8
183 8
10 9
11 9
12 9
11 10
12 10
13 10
14 10
15 10
188 10
189 10
12 11
13 11
14 11
15 11
188 11
189 11
13 12
14 12
15 12
14 13
15 13
16 13
17 13
18 13
194 13
195 13
15 14
16 14
17 14
18 14
194 14
195 14
16 15
17 15
18 15
17 16
18 16
19 16
20 16
21 16
200 16
201 16
18 17
19 17
20 17
21 17
200 17
201 17
19 18
20 18
21 18
20 19
21 19
22 19
23 19
24 19
206 19
207 19
21 20
22 20
23 20
24 20
206 20
207 20
22 21
23 21
24 21
23 22
24 22
25 22
26 22
27 22
212 22
213 22
24 23
25 23
26 23
27 23
212 23
213 23
25 24
26 24
27 24
26 25
27 25
28 25
29 25
30 25
218 25
219 25
27 26
28 26
29 26
30 26
218 26
219 26
28 27
29 27
30 27
29 28
30 28
31 28
32 28
33 28
224 28
225 28
30 29
31 29
32 29
33 29
224 29
225 29
31 30
32 30
33 30
32 31
33 31
34 31
35 31
36 31
230 31
231 31
34 32
35 32
36 32
230 32
231 32
34 33
35 33
36 33
35 34
36 34
37 34
38 34
39 34
236 34
237 34
37 35
38 35
39 35
236 35
237 35
37 36
38 36
39 36
38 37
39 37
40 37
41 37
42 37
242 37
243 37
39 38
40 38
41 38
42 38
242 38
243 38
40 39
41 39
42 39
41 40
42 40
43 40
44 40
45 40
248 40
249 40
42 41
43 41
44 41
45 41
248 41
249 41
43 42
44 42
45 42
44 43
45 43
46 43
47 43
48 43
254 43
255 43
46 44
47 44
48 44
254 44
255 44
46 45
47 45
48 45
47 46
48 46
49 46
50 46
51 46
260 46
261 46
49 47
50 47
51 47
260 47
261 47
49 48
50 48
51 48
50 49
51 49
52 49
53 49
54 49
266 49
267 49
51 50
52 50
53 50
54 50
266 50
267 50
52 51
53 51
54 51
53 52
54 52
55 52
56 52
57 52
272 52
273 52
54 53
55 53
56 53
57 53
272 53
273 53
55 54
56 54
57 54
56 55
57 55
58 55
59 55
60 55
278 55
279 55
57 56
58 56
59 56
60 56
278 56
279 56
58 57
59 57
60 57
59 58
60 58
61 58
62 58
63 58
284 58
285 58
60 59
61 59
62 59
63 59
284 59
285 59
61 60
62 60
63 60
62 61
63 61
64 61
65 61
66 61
290 61
291 61
63 62
64 62
65 62
66 62
290 62
291 62
64 63
65 63
66 63
65 64
66 64
67 64
68 64
69 64
296 64
297 64
66 65
67 65
68 65
69 65
296 65
297 65
67 66
68 66
69 66
68 67
69 67
70 67
71 67
72 67
302 67
303 67
69 68
70 68
71 68
72 68
302 68
303 68
70 69
71 69
72 69
71 70
72 70
73 70
74 70
75 70
308 70
309 70
72 71
73 71
74 71
75 71
308 71
309 71
73 72
74 72
75 72
74 73
75 73
76 73
77 73
78 73
314 73
315 73
75 74
76 74
77 74
78 74
314 74
315 74
76 75
77 75
78 75
77 76
78 76
79 76
80 76
81 76
320 76
321 76
78 77
79 77
80 77
81 77
320 77
321 77
79 78
80 78
81 78
80 79
81 79
326 79
327 79
491 79
492 79
493 79
81 80
326 80
327 80
491 80
492 80
493 80
491 81
492 81
493 81
83 82
84 82
85 82
86 82
87 82
165 82
166 82
332 82
333 82
84 83
85 83
86 83
87 83
165 83
166 83
332 83
333 83
85 84
86 84
87 84
165 84
166 84
86 85
87 85
88 85
89 85
90 85
338 85
339 85
87 86
88 86
89 86
90 86
338 86
339 86
88 87
89 87
90 87
89 88
90 88
91 88
92 88
93 88
344 88
345 88
90 89
91 89
92 89
93 89
344 89
345 89
91 90
92 90
93 90
92 91
93 91
94 91
95 91
96 91
350 91
351 91
93 92
94 92
95 92
96 92
350 92
351 92
94 93
95 93
96 93
95 94
96 94
97 94
98 94
99 94
356 94
357 94
96 95
97 95
98 95
99 95
356 95
357 95
97 96
98 96
99 96
98 97
99 97
100 97
101 97
102 97
362 97
363 97
99 98
100 98
101 98
102 98
362 98
363 98
100 99
101 99
102 99
101 100
102 100
103 100
104 100
105 100
368 100
369 100
102 101
103 101
104 101
105 101
368 101
369 101
103 102
104 102
105 102
104 103
105 103
106 103
107 103
108 103
374 103
375 103
105 104
106 104
107 104
108 104
374 104
375 104
106 105
107 105
108 105
107 106
108 106
109 106
110 106
111 106
380 106
381 106
108 107
109 107
110 107
111 107
380 107
381 107
109 108
110 108
111 108
110 109
111 109
112 109
113 109
114 109
386 109
387 109
111 110
112 110
113 110
114 110
386 110
387 110
112 111
113 111
114 111
113 112
114 112
115 112
116 112
117 112
392 112
393 112
114 113
115 113
116 113
117 113
392 113
393 113
115 114
116 114
117 114
116 115
117 115
118 115
119 115
120 115
398 115
399 115
117 116
118 116
119 116
120 116
398 116
399 116
118 117
119 117
120 117
119 118
120 118
121 118
122 118
123 118
404 118
405 118
120 119
121 119
122 119
123 119
404 119
405 119
121 120
122 120
123 120
122 121
123 121
124 121
125 121
126 121
410 121
411 121
123 122
124 122
125 122
126 122
410 122
411 122
124 123
125 123
126 123
125 124
126 124
127 124
128 124
129 124
416 124
417 124
126 125
127 125
128 125
129 125
416 125
417 125
127 126
128 126
129 126
128 127
129 127
130 127
131 127
132 127
422 127
423 127
129 128
130 128
131 128
132 128
422 128
423 128
130 129
131 129
132 129
131 130
132 130
133 130
134 130
135 130
428 130
429 130
132 131
133 131
134 131
135 131
428 131
429 131
133 132
134 132
135 132
134 133
135 133
136 133
137 133
138 133
434 133
435 133
135 134
136 134
137 134
138 134
434 134
435 134
136 135
137 135
138 135
137 136
138 136
139 136
140 136
141 136
440 136
441 136
138 137
139 137
140 137
141 137
440 137
441 137
139 138
140 138
141 138
140 139
141 139
142 139
143 139
144 139
446 139
447 139
141 140
142 140
143 140
144 140
446 140
447 140
142 141
143 141
144 141
143 142
144 142
145 142
146 142
147 142
452 142
453 142
144 143
145 143
146 143
147 143
452 143
453 143
145 144
146 144
147 144
146 145
147 145
148 145
149 145
150 145
458 145
459 145
147 146
148 146
149 146
150 146
458 146
459 146
148 147
149 147
150 147
149 148
150 148
151 148
152 148
153 148
464 148
465 148
150 149
151 149
152 149
153 149
464 149
465 149
151 150
152 150
153 150
152 151
153 151
154 151
155 151
156 151
470 151
471 151
153 152
154 152
155 152
156 152
470 152
471 152
154 153
155 153
156 153
155 154
156 154
157 154
158 154
159 154
476 154
477 154
156 155
157 155
158 155
159 155
476 155
477 155
157 156
158 156
159 156
158 157
159 157
160 157
161 157
162 157
482 157
483 157
159 158
160 158
161 158
162 158
482 158
483 158
160 159
161 159
162 159
161 160
162 160
488 160
489 160
725 160
726 160
727 160
162 161
488 161
489 161
725 161
726 161
727 161
725 162
726 162
727 162
164 163
167 163
168 163
166 165
329 165
330 165
168 167
169 167
170 167
172 167
605 167
606 167
171 168
605 168
606 168
170 169
172 169
171 170
173 170
175 170
174 171
173 172
175 172
174 173
175 173
176 173
178 173
602 173
603 173
177 174
602 174
603 174
176 175
178 175
177 176
178 176
179 176
181 176
180 177
179 178
181 178
180 179
181 179
182 179
184 179
599 179
600 179
183 180
599 180
600 180
182 181
184 181
183 182
184 182
185 182
187 182
596 182
597 182
186 183
596 183
597 183
185 184
187 184
186 185
187 185
188 185
190 185
593 185
594 185
189 186
593 186
594 186
188 187
190 187
189 188
190 188
191 188
193 188
192 189
191 190
193 190
192 191
193 191
194 191
196 191
590 191
591 191
195 192
590 192
591 192
194 193
196 193
195 194
196 194
197 194
199 194
198 195
197 196
199 196
198 197
199 197
200 197
202 197
587 197
588 197
201 198
587 198
588 198
200 199
202 199
201 200
202 200
203 200
205 200
204 201
203 202
205 202
204 203
205 203
206 203
208 203
584 203
585 203
207 204
584 204
585 204
206 205
208 205
207 206
208 206
209 206
211 206
581 206
582 206
210 207
581 207
582 207
209 208
211 208
210 209
211 209
212 209
214 209
578 209
579 209
213 210
578 210
579 210
212 211
214 211
213 212
214 212
215 212
217 212
216 213
215 214
217 214
216 215
217 215
218 215
220 215
575 215
576 215
219 216
575 216
576 216
218 217
220 217
219 218
220 218
221 218
223 218
222 219
221 220
223 220
222 221
223 221
224 221
226 221
572 221
573 221
225 222
572 222
573 222
224 223
226 223
225 224
226 224
227 224
229 224
228 225
227 226
229 226
228 227
229 227
230 227
232 227
569 227
570 227
231 228
569 228
570 228
230 229
232 229
231 230
232 230
233 230
235 230
566 230
567 230
234 231
566 231
567 231
233 232
235 232
234 233
235 233
236 233
238 233
563 233
564 233
237 234
563 234
564 234
236 235
238 235
237 236
238 236
239 236
241 236
240 237
239 238
241 238
240 239
241 239
242 239
244 239
560 239
561 239
243 240
560 240
561 240
242 241
244 241
243 242
244 242
245 242
247 242
246 243
245 244
247 244
246 245
247 245
248 245
250 245
557 245
558 245
249 246
557 246
558 246
248 247
250 247
249 248
250 248
251 248
253 248
252 249
251 250
253 250
252 251
253 251
254 251
256 251
554 251
555 251
255 252
554 252
555 252
254 253
256 253
255 254
256 254
257 254
259 254
551 254
552 254
258 255
551 255
552 255
257 256
259 256
258 257
259 257
260 257
262 257
548 257
549 257
261 258
548 258
549 258
260 259
262 259
261 260
262 260
263 260
265 260
264 261
263 262
265 262
264 263
265 263
266 263
268 263
545 263
546 263
267 264
545 264
546 264
266 265
268 265
267 266
269 266
271 266
270 267
269 268
271 268
270 269
271 269
272 269
274 269
542 269
543 269
273 270
542 270
543 270
272 271
274 271
273 272
274 272
275 272
277 272
276 273
275 274
277 274
276 275
277 275
278 275
280 275
539 275
540 275
279 276
539 276
540 276
278 277
280 277
279 278
280 278
281 278
283 278
536 278
537 278
282 279
536 279
537 279
281 280
283 280
282 281
283 281
284 281
286 281
533 281
534 281
285 282
533 282
534 282
284 283
286 283
285 284
286 284
287 284
289 284
288 285
287 286
289 286
288 287
289 287
290 287
292 287
530 287
531 287
291 288
530 288
531 288
290 289
292 289
291 290
292 290
293 290
295 290
294 291
293 292
295 292
294 293
295 293
296 293
298 293
527 293
528 293
297 294
527 294
528 294
296 295
298 295
297 296
298 296
299 296
301 296
300 297
299 298
301 298
300 299
301 299
302 299
304 299
524 299
525 299
303 300
524 300
525 300
302 301
304 301
303 302
304 302
305 302
307 302
521 302
522 302
306 303
521 303
522 303
305 304
307 304
306 305
307 305
308 305
310 305
518 305
519 305
309 306
518 306
519 306
308 307
310 307
309 308
310 308
311 308
313 308
312 309
311 310
313 310
312 311
313 311
314 311
316 311
515 311
516 311
315 312
515 312
516 312
314 313
316 313
315 314
316 314
317 314
319 314
318 315
317 316
319 316
318 317
319 317
320 317
322 317
512 317
513 317
321 318
512 318
513 318
320 319
322 319
321 320
322 320
323 320
325 320
324 321
323 322
325 322
324 323
325 323
326 323
328 323
509 323
510 323
327 324
509 324
510 324
326 325
328 325
327 326
328 326
506 326
507 326
728 326
730 326
506 327
507 327
729 327
728 328
730 328
330 329
331 329
332 329
334 329
611 329
612 329
333 330
611 330
612 330
332 331
334 331
333 332
335 332
337 332
336 333
335 334
337 334
336 335
337 335
338 335
340 335
614 335
615 335
339 336
614 336
615 336
338 337
340 337
339 338
340 338
341 338
343 338
342 339
341 340
343 340
342 341
343 341
344 341
346 341
617 341
618 341
345 342
617 342
618 342
344 343
346 343
345 344
346 344
347 344
349 344
620 344
621 344
348 345
620 345
621 345
347 346
349 346
348 347
349 347
350 347
352 347
623 347
624 347
351 348
623 348
624 348
350 349
352 349
351 350
352 350
353 350
355 350
354 351
353 352
355 352
354 353
355 353
356 353
358 353
626 353
627 353
357 354
626 354
627 354
356 355
358 355
357 356
358 356
359 356
361 356
360 357
359 358
361 358
360 359
361 359
362 359
364 359
629 359
630 359
363 360
629 360
630 360
362 361
364 361
363 362
364 362
365 362
367 362
366 363
365 364
367 364
366 365
367 365
368 365
370 365
632 365
633 365
369 366
632 366
633 366
368 367
370 367
369 368
370 368
371 368
373 368
635 368
636 368
372 369
635 369
636 369
371 370
373 370
372 371
373 371
374 371
376 371
638 371
639 371
375 372
638 372
639 372
374 373
376 373
375 374
376 374
377 374
379 374
378 375
377 376
379 376
378 377
379 377
380 377
382 377
641 377
642 377
381 378
641 378
642 378
380 379
382 379
381 380
382 380
383 380
385 380
384 381
383 382
385 382
384 383
385 383
386 383
388 383
644 383
645 383
387 384
644 384
645 384
386 385
388 385
387 386
388 386
389 386
391 386
390 387
389 388
391 388
390 389
391 389
392 389
394 389
647 389
648 389
393 390
647 390
648 390
392 391
394 391
393 392
394 392
395 392
397 392
650 392
651 392
396 393
650 393
651 393
395 394
397 394
396 395
397 395
398 395
400 395
653 395
654 395
399 396
653 396
654 396
398 397
400 397
399 398
400 398
401 398
403 398
402 399
401 400
403 400
402 401
403 401
404 401
406 401
656 401
657 401
405 402
656 402
657 402
404 403
406 403
405 404
406 404
407 404
409 404
408 405
407 406
409 406
408 407
409 407
410 407
412 407
659 407
660 407
411 408
659 408
660 408
410 409
412 409
411 410
412 410
413 410
415 410
414 411
413 412
415 412
414 413
415 413
416 413
418 413
662 413
663 413
417 414
662 414
663 414
416 415
418 415
417 416
418 416
419 416
421 416
665 416
666 416
420 417
665 417
666 417
419 418
421 418
420 419
421 419
422 419
424 419
668 419
669 419
423 420
668 420
669 420
422 421
424 421
423 422
424 422
425 422
427 422
426 423
425 424
427 424
426 425
427 425
428 425
430 425
671 425
672 425
429 426
671 426
672 426
428 427
430 427
429 428
431 428
433 428
432 429
431 430
433 430
432 431
433 431
434 431
436 431
674 431
675 431
435 432
674 432
675 432
434 433
436 433
435 434
436 434
437 434
439 434
438 435
437 436
439 436
438 437
439 437
440 437
442 437
677 437
678 437
441 438
677 438
678 438
440 439
442 439
441 440
442 440
443 440
445 440
680 440
681 440
444 441
680 441
681 441
443 442
445 442
444 443
445 443
446 443
448 443
683 443
684 443
447 444
683 444
684 444
446 445
448 445
447 446
448 446
449 446
451 446
450 447
449 448
451 448
450 449
451 449
452 449
454 449
686 449
687 449
453 450
686 450
687 450
452 451
454 451
453 452
454 452
455 452
457 452
456 453
455 454
457 454
456 455
457 455
458 455
460 455
689 455
690 455
459 456
689 456
690 456
458 457
460 457
459 458
460 458
461 458
463 458
462 459
461 460
463 460
462 461
463 461
464 461
466 461
692 461
693 461
465 462
692 462
693 462
464 463
466 463
465 464
466 464
467 464
469 464
695 464
696 464
468 465
695 465
696 465
467 466
469 466
468 467
469 467
470 467
472 467
698 467
699 467
471 468
698 468
699 468
470 469
472 469
471 470
472 470
473 470
475 470
474 471
473 472
475 472
474 473
475 473
476 473
478 473
701 473
702 473
477 474
701 474
702 474
476 475
478 475
477 476
478 476
479 476
481 476
480 477
479 478
481 478
480 479
481 479
482 479
484 479
704 479
705 479
483 480
704 480
705 480
482 481
484 481
483 482
484 482
485 482
487 482
486 483
485 484
487 484
486 485
487 485
488 485
490 485
707 485
708 485
489 486
707 486
708 486
488 487
490 487
489 488
490 488
710 488
711 488
773 488
775 488
710 489
711 489
774 489
773 490
775 490
492 491
493 491
494 491
495 491
496 491
493 492
494 492
495 492
496 492
494 493
495 493
496 493
495 494
496 494
497 494
498 494
499 494
496 495
497 495
498 495
499 495
497 496
498 496
499 496
498 497
499 497
500 497
501 497
502 497
743 497
745 497
499 498
500 498
501 498
502 498
744 498
500 499
501 499
502 499
743 499
745 499
501 500
502 500
503 500
504 500
505 500
502 501
503 501
504 501
505 501
503 502
504 502
505 502
504 503
505 503
506 503
507 503
508 503
505 504
506 504
507 504
508 504
506 505
507 505
508 505
507 506
508 506
509 506
510 506
511 506
508 507
509 507
510 507
511 507
509 508
510 508
511 508
510 509
511 509
512 509
513 509
514 509
511 510
512 510
513 510
514 510
512 511
513 511
514 511
513 512
514 512
515 512
516 512
517 512
514 513
515 513
516 513
517 513
515 514
516 514
517 514
516 515
517 515
518 515
519 515
520 515
517 516
518 516
519 516
520 516
518 517
519 517
520 517
519 518
520 518
521 518
522 518
523 518
520 519
521 519
522 519
523 519
521 520
522 520
523 520
522 521
523 521
524 521
525 521
526 521
523 522
524 522
525 522
526 522
524 523
525 523
526 523
525 524
526 524
527 524
528 524
529 524
526 525
527 525
528 525
529 525
527 526
528 526
529 526
528 527
529 527
530 527
531 527
532 527
529 528
530 528
531 528
532 528
530 529
531 529
532 529
531 530
532 530
533 530
534 530
535 530
532 531
533 531
534 531
535 531
533 532
534 532
535 532
534 533
535 533
536 533
537 533
538 533
535 534
536 534
537 534
538 534
536 535
537 535
538 535
537 536
538 536
539 536
540 536
541 536
538 537
539 537
540 537
541 537
539 538
540 538
541 538
540 539
541 539
542 539
543 539
544 539
541 540
542 540
543 540
544 540
542 541
543 541
544 541
543 542
544 542
545 542
546 542
547 542
544 543
545 543
546 543
547 543
545 544
546 544
547 544
546 545
547 545
548 545
549 545
550 545
547 546
548 546
549 546
550 546
548 547
549 547
550 547
549 548
550 548
551 548
552 548
553 548
550 549
551 549
552 549
553 549
551 550
552 550
553 550
552 551
553 551
554 551
555 551
556 551
553 552
554 552
555 552
556 552
554 553
555 553
556 553
555 554
556 554
557 554
558 554
559 554
556 555
557 555
558 555
559 555
557 556
558 556
559 556
558 557
559 557
560 557
561 557
562 557
559 558
560 558
561 558
562 558
560 559
561 559
562 559
561 560
562 560
563 560
564 560
565 560
562 561
563 561
564 561
565 561
563 562
564 562
565 562
564 563
565 563
566 563
567 563
568 563
565 564
566 564
567 564
568 564
566 565
567 565
568 565
567 566
568 566
569 566
570 566
571 566
568 567
569 567
570 567
571 567
569 568
570 568
571 568
570 569
571 569
572 569
573 569
574 569
571 570
572 570
573 570
574 570
572 571
573 571
574 571
573 572
574 572
575 572
576 572
577 572
574 573
575 573
576 573
577 573
575 574
576 574
577 574
576 575
577 575
578 575
579 575
580 575
577 576
578 576
579 576
580 576
578 577
579 577
580 577
579 578
580 578
581 578
582 578
583 578
580 579
581 579
582 579
583 579
581 580
582 580
583 580
582 581
583 581
584 581
585 581
586 581
583 582
584 582
585 582
586 582
584 583
585 583
586 583
585 584
586 584
587 584
588 584
589 584
586 585
587 585
588 585
589 585
587 586
588 586
589 586
588 587
589 587
590 587
591 587
592 587
589 588
590 588
591 588
592 588
590 589
591 589
592 589
591 590
592 590
593 590
594 590
595 590
592 591
593 591
594 591
595 591
593 592
594 592
595 592
594 593
595 593
596 593
597 593
598 593
595 594
596 594
597 594
598 594
596 595
597 595
598 595
597 596
598 596
599 596
600 596
601 596
598 597
599 597
600 597
601 597
599 598
600 598
601 598
600 599
601 599
602 599
603 599
604 599
601 600
602 600
603 600
604 600
602 601
603 601
604 601
603 602
604 602
605 602
606 602
607 602
604 603
605 603
606 603
607 603
605 604
606 604
607 604
606 605
607 605
608 605
609 605
610 605
607 606
608 606
609 606
610 606
608 607
609 607
610 607
609 608
610 608
611 608
612 608
613 608
610 609
611 609
612 609
613 609
611 610
612 610
613 610
612 611
613 611
614 611
615 611
616 611
613 612
614 612
615 612
616 612
614 613
615 613
616 613
615 614
616 614
617 614
618 614
619 614
616 615
617 615
618 615
619 615
617 616
618 616
619 616
618 617
619 617
620 617
621 617
622 617
619 618
620 618
621 618
622 618
620 619
621 619
622 619
621 620
622 620
623 620
624 620
625 620
622 621
623 621
624 621
625 621
623 622
624 622
625 622
624 623
625 623
626 623
627 623
628 623
625 624
626 624
627 624
628 624
626 625
627 625
628 625
627 626
628 626
629 626
630 626
631 626
628 627
629 627
630 627
631 627
629 628
630 628
631 628
630 629
631 629
632 629
633 629
634 629
631 630
632 630
633 630
634 630
632 631
633 631
634 631
633 632
634 632
635 632
636 632
637 632
634 633
635 633
636 633
637 633
635 634
636 634
637 634
636 635
637 635
638 635
639 635
640 635
637 636
638 636
639 636
640 636
638 637
639 637
640 637
639 638
640 638
641 638
642 638
643 638
640 639
641 639
642 639
643 639
641 640
642 640
643 640
642 641
643 641
644 641
645 641
646 641
643 642
644 642
645 642
646 642
644 643
645 643
646 643
645 644
646 644
647 644
648 644
649 644
646 645
647 645
648 645
649 645
647 646
648 646
649 646
648 647
649 647
650 647
651 647
652 647
649 648
650 648
651 648
652 648
650 649
651 649
652 649
651 650
652 650
653 650
654 650
655 650
652 651
653 651
654 651
655 651
653 652
654 652
655 652
654 653
655 653
656 653
657 653
658 653
655 654
656 654
657 654
658 654
656 655
657 655
658 655
657 656
658 656
659 656
660 656
661 656
658 657
659 657
660 657
661 657
659 658
660 658
661 658
660 659
661 659
662 659
663 659
664 659
661 660
662 660
663 660
664 660
662 661
663 661
664 661
663 662
664 662
665 662
666 662
667 662
664 663
665 663
666 663
667 663
665 664
666 664
667 664
666 665
667 665
668 665
669 665
670 665
667 666
668 666
669 666
670 666
668 667
669 667
670 667
669 668
670 668
671 668
672 668
673 668
670 669
671 669
672 669
673 669
671 670
672 670
673 670
672 671
673 671
674 671
675 671
676 671
673 672
674 672
675 672
676 672
674 673
675 673
676 673
675 674
676 674
677 674
678 674
679 674
676 675
677 675
678 675
679 675
677 676
678 676
679 676
678 677
679 677
680 677
681 677
682 677
679 678
680 678
681 678
682 678
680 679
681 679
682 679
681 680
682 680
683 680
684 680
685 680
682 681
683 681
684 681
685 681
683 682
684 682
685 682
684 683
685 683
686 683
687 683
688 683
685 684
686 684
687 684
688 684
686 685
687 685
688 685
687 686
688 686
689 686
690 686
691 686
688 687
689 687
690 687
691 687
689 688
690 688
691 688
690 689
691 689
692 689
693 689
694 689
691 690
692 690
693 690
694 690
692 691
693 691
694 691
693 692
694 692
695 692
696 692
697 692
694 693
695 693
696 693
697 693
695 694
696 694
697 694
696 695
697 695
698 695
699 695
700 695
697 696
698 696
699 696
700 696
698 697
699 697
700 697
699 698
700 698
701 698
702 698
703 698
700 699
701 699
702 699
703 699
701 700
702 700
703 700
702 701
703 701
704 701
705 701
706 701
703 702
704 702
705 702
706 702
704 703
705 703
706 703
705 704
706 704
707 704
708 704
709 704
706 705
707 705
708 705
709 705
707 706
708 706
709 706
708 707
709 707
710 707
711 707
712 707
709 708
710 708
711 708
712 708
710 709
711 709
712 709
711 710
712 710
713 710
714 710
715 710
712 711
713 711
714 711
715 711
713 712
714 712
715 712
714 713
715 713
716 713
717 713
718 713
715 714
716 714
717 714
718 714
716 715
717 715
718 715
717 716
718 716
719 716
720 716
721 716
718 717
719 717
720 717
721 717
719 718
720 718
721 718
720 719
721 719
722 719
723 719
724 719
788 719
790 719
721 720
722 720
723 720
724 720
789 720
722 721
723 721
724 721
788 721
790 721
723 722
724 722
725 722
726 722
727 722
724 723
725 723
726 723
727 723
725 724
726 724
727 724
726 725
727 725
727 726
730 728
731 728
733 728
732 729
731 730
733 730
733 731
734 731
736 731
735 732
734 733
736 733
736 734
737 734
739 734
738 735
737 736
739 736
739 737
740 737
742 737
741 738
740 739
742 739
742 740
743 740
745 740
744 741
743 742
745 742
745 743
746 743
748 743
747 744
746 745
748 745
749 746
751 746
750 747
749 748
751 748
751 749
752 749
754 749
753 750
752 751
754 751
754 752
755 752
757 752
756 753
755 754
757 754
757 755
758 755
760 755
759 756
758 757
760 757
760 758
761 758
763 758
762 759
761 760
763 760
763 761
764 761
766 761
765 762
764 763
766 763
766 764
767 764
769 764
768 765
767 766
769 766
769 767
770 767
772 767
771 768
770 769
772 769
772 770
775 773
776 773
778 773
777 774
776 775
778 775
778 776
779 776
781 776
780 777
779 778
781 778
781 779
782 779
784 779
783 780
782 781
784 781
784 782
785 782
787 782
786 783
785 784
787 784
787 785
788 785
790 785
789 786
788 787
790 787
790 788
791 788
793 788
792 789
791 790
793 790
794 791
796 791
795 792
794 793
796 793
796 794
797 794
799 794
798 795
797 796
799 796
799 797
800 797
802 797
801 798
800 799
802 799
802 800
803 800
805 800
804 801
803 802
805 802
805 803
806 803
808 803
807 804
806 805
808 805
808 806
809 806
811 806
810 807
809 808
811 808
811 809
812 809
814 809
813 810
812 811
814 811
814 812
815 812
817 812
816 813
815 814
817 814
817 815
