
957 957 1590
4 1
5 2
6 2
5 3
6 3
7 4
8 5
9 5
8 6
9 6
10 7
11 8
12 8
11 9
12 9
13 10
14 11
15 11
14 12
15 12
16 13
17 14
18 14
17 15
18 15
19 16
20 17
21 17
20 18
21 18
22 19
23 20
24 20
23 21
24 21
25 22
26 23
27 23
26 24
27 24
28 25
29 26
30 26
29 27
30 27
31 28
32 29
33 29
32 30
33 30
34 31
35 32
36 32
35 33
36 33
37 34
38 35
39 35
38 36
39 36
40 37
41 38
42 38
41 39
42 39
43 40
44 41
45 41
44 42
45 42
46 43
47 44
48 44
47 45
48 45
49 46
50 47
51 47
50 48
51 48
52 49
53 50
54 50
53 51
54 51
55 52
56 53
57 53
56 54
57 54
58 55
59 56
60 56
59 57
60 57
61 58
62 59
63 59
62 60
63 60
64 61
65 62
66 62
65 63
66 63
67 64
68 65
69 65
68 66
69 66
70 67
71 68
72 68
71 69
72 69
73 70
74 71
75 71
74 72
75 72
76 73
77 74
78 74
77 75
78 75
79 76
80 77
81 77
80 78
81 78
82 79
83 80
84 80
83 81
84 81
85 82
86 83
87 83
86 84
87 84
88 85
89 86
90 86
89 87
90 87
91 88
92 89
93 89
92 90
93 90
94 91
95 92
96 92
95 93
96 93
97 94
98 95
99 95
98 96
99 96
100 97
101 98
102 98
101 99
102 99
103 100
104 101
105 101
104 102
105 102
106 103
107 104
108 104
107 105
108 105
109 106
110 107
111 107
110 108
111 108
112 109
113 110
114 110
113 111
114 111
115 112
116 113
117 113
116 114
117 114
118 115
119 116
120 116
119 117
120 117
121 118
122 119
123 119
122 120
123 120
124 121
125 122
126 122
125 123
126 123
127 124
128 125
129 125
128 126
129 126
130 127
131 128
132 128
131 129
132 129
133 130
134 131
135 131
134 132
135 132
136 133
137 134
138 134
137 135
138 135
139 136
140 137
141 137
140 138
141 138
142 139
143 140
144 140
143 141
144 141
145 142
146 143
147 143
146 144
147 144
148 145
149 146
150 146
149 147
150 147
151 148
152 149
153 149
152 150
153 150
154 151
155 152
156 152
155 153
156 153
157 154
158 155
159 155
158 156
159 156
160 157
161 158
162 158
161 159
162 159
163 160
164 161
165 161
164 162
165 162
166 163
167 164
168 164
167 165
168 165
169 166
170 167
171 167
170 168
171 168
172 169
173 170
174 170
173 171
174 171
175 172
176 173
177 173
176 174
177 174
178 175
179 176
180 176
179 177
180 177
181 178
182 179
183 179
182 180
183 180
184 181
185 182
186 182
185 183
186 183
187 184
188 185
189 185
188 186
189 186
190 187
191 188
192 188
191 189
192 189
193 190
194 191
195 191
194 192
195 192
196 193
197 194
198 194
197 195
198 195
199 196
200 197
201 197
200 198
201 198
202 199
203 200
204 200
203 201
204 201
205 202
206 203
207 203
206 204
207 204
208 205
209 206
210 206
209 207
210 207
211 208
212 209
213 209
212 210
213 210
214 211
215 212
216 212
215 213
216 213
217 214
218 215
219 215
218 216
219 216
220 217
221 218
222 218
221 219
222 219
223 220
224 221
225 221
224 222
225 222
226 223
227 224
228 224
227 225
228 225
229 226
230 227
231 227
230 228
231 228
232 229
233 230
234 230
233 231
234 231
235 232
236 233
237 233
236 234
237 234
238 235
239 236
240 236
239 237
240 237
241 238
242 239
243 239
242 240
243 240
244 241
245 242
246 242
245 243
246 243
247 244
248 245
249 245
248 246
249 246
250 247
251 248
252 248
251 249
252 249
253 250
254 251
255 251
254 252
255 252
256 253
257 254
258 254
257 255
258 255
259 256
260 257
261 257
260 258
261 258
262 259
263 260
264 260
263 261
264 261
265 262
266 263
267 263
266 264
267 264
268 265
269 266
270 266
269 267
270 267
271 268
272 269
273 269
272 270
273 270
274 271
275 272
276 272
275 273
276 273
277 274
278 275
279 275
278 276
279 276
280 277
281 278
282 278
281 279
282 279
283 280
284 281
285 281
284 282
285 282
286 283
287 284
288 284
287 285
288 285
289 286
290 287
291 287
290 288
291 288
292 289
293 290
294 290
293 291
294 291
295 292
296 293
297 293
296 294
297 294
298 295
299 296
300 296
299 297
300 297
301 298
302 299
303 299
302 300
303 300
304 301
305 302
306 302
305 303
306 303
307 304
308 305
309 305
308 306
309 306
310 307
311 308
312 308
311 309
312 309
313 310
314 311
315 311
314 312
315 312
316 313
317 314
318 314
317 315
318 315
319 316
320 317
321 317
320 318
321 318
322 319
323 320
324 320
323 321
324 321
325 322
326 323
327 323
326 324
327 324
328 325
329 326
330 326
329 327
330 327
331 328
332 329
333 329
332 330
333 330
334 331
335 332
336 332
335 333
336 333
337 334
338 335
339 335
338 336
339 336
340 337
341 338
342 338
341 339
342 339
343 340
344 341
345 341
344 342
345 342
346 343
347 344
348 344
347 345
348 345
349 346
350 347
351 347
350 348
351 348
352 349
353 350
354 350
353 351
354 351
355 352
356 353
357 353
356 354
357 354
358 355
359 356
360 356
359 357
360 357
361 358
362 359
363 359
362 360
363 360
364 361
365 362
366 362
365 363
366 363
367 364
368 365
369 365
368 366
369 366
370 367
371 368
372 368
371 369
372 369
373 370
374 371
375 371
374 372
375 372
376 373
377 374
378 374
377 375
378 375
379 376
380 377
381 377
380 378
381 378
382 379
383 380
384 380
383 381
384 381
385 382
386 383
387 383
386 384
387 384
388 385
389 386
390 386
389 387
390 387
391 388
392 389
393 389
392 390
393 390
394 391
395 392
396 392
395 393
396 393
397 394
398 395
399 395
398 396
399 396
400 397
401 398
402 398
401 399
402 399
403 400
404 401
405 401
404 402
405 402
406 403
407 404
408 404
407 405
408 405
409 406
410 407
411 407
410 408
411 408
412 409
413 410
414 410
413 411
414 411
415 412
416 413
417 413
416 414
417 414
418 415
419 416
420 416
419 417
420 417
421 418
422 419
423 419
422 420
423 420
424 421
425 422
426 422
425 423
426 423
427 424
428 425
429 425
428 426
429 426
430 427
431 428
432 428
431 429
432 429
433 430
434 431
435 431
434 432
435 432
436 433
437 434
438 434
437 435
438 435
439 436
440 437
441 437
440 438
441 438
442 439
443 440
444 440
443 441
444 441
445 442
446 443
447 443
446 444
447 444
448 445
449 446
450 446
449 447
450 447
451 448
452 449
453 449
452 450
453 450
454 451
455 452
456 452
455 453
456 453
457 454
458 455
459 455
458 456
459 456
460 457
461 458
462 458
461 459
462 459
463 460
464 461
465 461
464 462
465 462
466 463
467 464
468 464
467 465
468 465
469 466
470 467
471 467
470 468
471 468
472 469
473 470
474 470
473 471
474 471
475 472
476 473
477 473
476 474
477 474
478 475
479 476
480 476
479 477
480 477
481 478
482 479
483 479
482 480
483 480
484 481
485 482
486 482
485 483
486 483
487 484
488 485
489 485
488 486
489 486
490 487
491 488
492 488
491 489
492 489
493 490
494 491
495 491
494 492
495 492
496 493
497 494
498 494
497 495
498 495
499 496
500 497
501 497
500 498
501 498
502 499
503 500
504 500
503 501
504 501
505 502
506 503
507 503
506 504
507 504
508 505
509 506
510 506
509 507
510 507
511 508
512 509
513 509
512 510
513 510
514 511
515 512
516 512
515 513
516 513
517 514
518 515
519 515
518 516
519 516
520 517
521 518
522 518
521 519
522 519
523 520
524 521
525 521
524 522
525 522
526 523
527 524
528 524
527 525
528 525
529 526
530 527
531 527
530 528
531 528
532 529
533 530
534 530
533 531
534 531
535 532
536 533
537 533
536 534
537 534
538 535
539 536
540 536
539 537
540 537
541 538
542 539
543 539
542 540
543 540
544 541
545 542
546 542
545 543
546 543
547 544
548 545
549 545
548 546
549 546
550 547
551 548
552 548
551 549
552 549
553 550
554 551
555 551
554 552
555 552
556 553
557 554
558 554
557 555
558 555
559 556
560 557
561 557
560 558
561 558
562 559
563 560
564 560
563 561
564 561
565 562
566 563
567 563
566 564
567 564
568 565
569 566
570 566
569 567
570 567
571 568
572 569
573 569
572 570
573 570
574 571
575 572
576 572
575 573
576 573
577 574
578 575
579 575
578 576
579 576
580 577
581 578
582 578
581 579
582 579
583 580
584 581
585 581
584 582
585 582
586 583
587 584
588 584
587 585
588 585
589 586
590 587
591 587
590 588
591 588
592 589
593 590
594 590
593 591
594 591
595 592
596 593
597 593
596 594
597 594
598 595
599 596
600 596
599 597
600 597
601 598
602 599
603 599
602 600
603 600
604 601
605 602
606 602
605 603
606 603
607 604
608 605
609 605
608 606
609 606
610 607
611 608
612 608
611 609
612 609
613 610
614 611
615 611
614 612
615 612
616 613
617 614
618 614
617 615
618 615
619 616
620 617
621 617
620 618
621 618
622 619
623 620
624 620
623 621
624 621
625 622
626 623
627 623
626 624
627 624
628 625
629 626
630 626
629 627
630 627
631 628
632 629
633 629
632 630
633 630
634 631
635 632
636 632
635 633
636 633
637 634
638 635
639 635
638 636
639 636
640 637
641 638
642 638
641 639
642 639
643 640
644 641
645 641
644 642
645 642
646 643
647 644
648 644
647 645
648 645
649 646
650 647
651 647
650 648
651 648
652 649
653 650
654 650
653 651
654 651
655 652
656 653
657 653
656 654
657 654
658 655
659 656
660 656
659 657
660 657
661 658
662 659
663 659
662 660
663 660
664 661
665 662
666 662
665 663
666 663
667 664
668 665
669 665
668 666
669 666
670 667
671 668
672 668
671 669
672 669
673 670
674 671
675 671
674 672
675 672
676 673
677 674
678 674
677 675
678 675
679 676
680 677
681 677
680 678
681 678
682 679
683 680
684 680
683 681
684 681
685 682
686 683
687 683
686 684
687 684
688 685
689 686
690 686
689 687
690 687
691 688
692 689
693 689
692 690
693 690
694 691
695 692
696 692
695 693
696 693
697 694
698 695
699 695
698 696
699 696
700 697
701 698
702 698
701 699
702 699
703 700
704 701
705 701
704 702
705 702
706 703
707 704
708 704
707 705
708 705
709 706
710 707
711 707
710 708
711 708
712 709
713 710
714 710
713 711
714 711
715 712
716 713
717 713
716 714
717 714
718 715
719 716
720 716
719 717
720 717
721 718
722 719
723 719
722 720
723 720
724 721
725 722
726 722
725 723
726 723
727 724
728 725
729 725
728 726
729 726
730 727
731 728
732 728
731 729
732 729
733 730
734 731
735 731
734 732
735 732
736 733
737 734
738 734
737 735
738 735
739 736
740 737
741 737
740 738
741 738
742 739
743 740
744 740
743 741
744 741
745 742
746 743
747 743
746 744
747 744
748 745
749 746
750 746
749 747
750 747
751 748
752 749
753 749
752 750
753 750
754 751
755 752
756 752
755 753
756 753
757 754
758 755
759 755
758 756
759 756
760 757
761 758
762 758
761 759
762 759
763 760
764 761
765 761
764 762
765 762
766 763
767 764
768 764
767 765
768 765
769 766
770 767
771 767
770 768
771 768
772 769
773 770
774 770
773 771
774 771
775 772
776 773
777 773
776 774
777 774
778 775
779 776
780 776
779 777
780 777
781 778
782 779
783 779
782 780
783 780
784 781
785 782
786 782
785 783
786 783
787 784
788 785
789 785
788 786
789 786
790 787
791 788
792 788
791 789
792 789
793 790
794 791
795 791
794 792
795 792
796 793
797 794
798 794
797 795
798 795
799 796
800 797
801 797
800 798
801 798
802 799
803 800
804 800
803 801
804 801
805 802
806 803
807 803
806 804
807 804
808 805
809 806
810 806
809 807
810 807
811 808
812 809
813 809
812 810
813 810
814 811
815 812
816 812
815 813
816 813
817 814
818 815
819 815
818 816
819 816
820 817
821 818
822 818
821 819
822 819
823 820
824 821
825 821
824 822
825 822
826 823
827 824
828 824
827 825
828 825
829 826
830 827
831 827
830 828
831 828
832 829
833 830
834 830
833 831
834 831
835 832
836 833
837 833
836 834
837 834
838 835
839 836
840 836
839 837
840 837
841 838
842 839
843 839
842 840
843 840
844 841
845 842
846 842
845 843
846 843
847 844
848 845
849 845
848 846
849 846
850 847
851 848
852 848
851 849
852 849
853 850
854 851
855 851
854 852
855 852
856 853
857 854
858 854
857 855
858 855
859 856
860 857
861 857
860 858
861 858
862 859
863 860
864 860
863 861
864 861
865 862
866 863
867 863
866 864
867 864
868 865
869 866
870 866
869 867
870 867
871 868
872 869
873 869
872 870
873 870
874 871
875 872
876 872
875 873
876 873
877 874
878 875
879 875
878 876
879 876
880 877
881 878
882 878
881 879
882 879
883 880
884 881
885 881
884 882
885 882
886 883
887 884
888 884
887 885
888 885
889 886
890 887
891 887
890 888
891 888
892 889
893 890
894 890
893 891
894 891
895 892
896 893
897 893
896 894
897 894
898 895
899 896
900 896
899 897
900 897
901 898
902 899
903 899
902 900
903 900
904 901
905 902
906 902
905 903
906 903
907 904
908 905
909 905
908 906
909 906
910 907
911 908
912 908
911 909
912 909
913 910
914 911
915 911
914 912
915 912
916 913
917 914
918 914
917 915
918 915
919 916
920 917
921 917
920 918
921 918
922 919
923 920
924 920
923 921
924 921
925 922
926 923
927 923
926 924
927 924
928 925
929 926
930 926
929 927
930 927
931 928
932 929
933 929
932 930
933 930
934 931
935 932
936 932
935 933
936 933
937 934
938 935
939 935
938 936
939 936
940 937
941 938
942 938
941 939
942 939
943 940
944 941
945 941
944 942
945 942
946 943
947 944
948 944
947 945
948 945
949 946
950 947
951 947
950 948
951 948
952 949
953 950
954 950
953 951
954 951
955 952
956 953
957 953
956 954
957 954
