
138 138 279
3 1
5 1
4 2
5 3
5 4
6 4
41 4
7 5
41 5
8 6
116 6
117 6
9 7
10 8
11 9
11 10
12 10
67 10
68 10
69 10
13 11
67 11
68 11
69 11
13 12
17 12
14 13
15 13
17 13
15 14
43 16
18 17
44 17
45 17
44 18
45 18
64 19
21 20
24 20
25 20
65 20
66 20
25 21
65 21
66 21
23 22
25 22
25 23
25 24
26 24
27 25
28 26
88 26
89 26
90 26
29 27
30 28
31 29
32 30
137 30
138 30
33 31
33 32
35 32
38 32
34 33
36 33
38 33
36 34
112 37
39 38
113 38
114 38
113 39
114 39
91 40
42 41
92 41
93 41
92 42
93 42
46 43
45 44
47 44
48 44
68 44
47 45
48 45
69 45
49 46
50 47
51 47
71 47
50 48
51 48
72 48
52 49
51 50
53 50
54 50
74 50
53 51
54 51
75 51
55 52
54 53
56 53
57 53
77 53
56 54
57 54
78 54
58 55
57 56
59 56
60 56
80 56
59 57
60 57
81 57
61 58
60 59
62 59
63 59
83 59
62 60
63 60
84 60
64 61
63 62
65 62
66 62
86 62
65 63
66 63
87 63
66 65
89 65
90 66
68 67
69 67
70 67
69 68
71 68
72 68
71 69
72 69
73 70
72 71
74 71
75 71
74 72
75 72
76 73
75 74
77 74
78 74
77 75
78 75
79 76
78 77
80 77
81 77
80 78
81 78
82 79
81 80
83 80
84 80
83 81
84 81
85 82
84 83
86 83
87 83
86 84
87 84
88 85
87 86
89 86
90 86
89 87
90 87
89 88
90 88
90 89
94 91
93 92
95 92
96 92
116 92
95 93
96 93
97 94
98 95
99 95
119 95
98 96
99 96
100 97
99 98
101 98
102 98
122 98
101 99
102 99
103 100
102 101
104 101
105 101
125 101
104 102
105 102
106 103
105 104
107 104
108 104
128 104
107 105
108 105
109 106
108 107
110 107
111 107
131 107
110 108
111 108
112 109
111 110
113 110
114 110
134 110
113 111
114 111
114 113
137 113
118 115
117 116
119 116
120 116
119 117
120 117
121 118
120 119
122 119
123 119
122 120
123 120
124 121
123 122
125 122
126 122
125 123
126 123
127 124
126 125
128 125
129 125
128 126
129 126
130 127
129 128
131 128
132 128
131 129
132 129
133 130
132 131
134 131
135 131
134 132
135 132
136 133
135 134
137 134
138 134
137 135
138 135
138 137
