
485 485 1325
3 1
4 1
6 1
5 2
4 3
6 3
6 4
7 4
9 4
8 5
7 6
9 6
9 7
10 7
12 7
11 8
10 9
12 9
12 10
13 10
15 10
14 11
13 12
15 12
15 13
16 13
18 13
17 14
16 15
18 15
18 16
19 16
21 16
20 17
19 18
21 18
21 19
22 19
24 19
23 20
22 21
24 21
24 22
25 22
27 22
26 23
25 24
27 24
27 25
28 25
30 25
29 26
28 27
30 27
30 28
31 28
33 28
32 29
31 30
33 30
33 31
34 31
36 31
35 32
34 33
36 33
36 34
37 34
39 34
38 35
37 36
39 36
39 37
40 37
42 37
41 38
40 39
42 39
42 40
43 40
45 40
44 41
43 42
45 42
45 43
46 43
48 43
47 44
46 45
48 45
48 46
49 46
51 46
50 47
49 48
51 48
51 49
52 49
54 49
53 50
52 51
54 51
54 52
55 52
57 52
56 53
55 54
57 54
57 55
58 55
60 55
59 56
58 57
60 57
60 58
61 58
63 58
62 59
61 60
63 60
63 61
64 61
66 61
65 62
64 63
66 63
66 64
67 64
69 64
68 65
67 66
69 66
69 67
70 67
72 67
71 68
70 69
72 69
72 70
73 70
75 70
74 71
73 72
75 72
75 73
76 73
78 73
77 74
76 75
78 75
78 76
79 76
81 76
80 77
79 78
81 78
81 79
82 79
84 79
83 80
82 81
84 81
84 82
85 82
87 82
86 83
85 84
87 84
87 85
88 85
90 85
89 86
88 87
90 87
90 88
91 88
93 88
92 89
91 90
93 90
93 91
94 91
96 91
95 92
94 93
96 93
96 94
97 94
99 94
98 95
97 96
99 96
99 97
100 97
102 97
101 98
100 99
102 99
102 100
103 100
105 100
104 101
103 102
105 102
105 103
106 103
108 103
107 104
106 105
108 105
108 106
109 106
111 106
110 107
109 108
111 108
110 109
111 109
112 109
113 109
114 109
115 109
111 110
112 110
113 110
114 110
116 110
117 110
112 111
113 111
114 111
116 111
117 111
113 112
114 112
118 112
119 112
120 112
114 113
118 113
119 113
120 113
118 114
119 114
120 114
121 115
117 116
122 116
123 116
122 117
123 117
119 118
120 118
124 118
125 118
126 118
120 119
124 119
125 119
126 119
124 120
125 120
126 120
127 121
123 122
128 122
129 122
128 123
129 123
125 124
126 124
130 124
131 124
132 124
126 125
130 125
131 125
132 125
130 126
131 126
132 126
133 127
129 128
134 128
135 128
134 129
135 129
131 130
132 130
136 130
137 130
138 130
132 131
136 131
137 131
138 131
136 132
137 132
138 132
139 133
135 134
140 134
141 134
140 135
141 135
137 136
138 136
142 136
143 136
144 136
138 137
142 137
143 137
144 137
142 138
143 138
144 138
145 139
141 140
146 140
147 140
146 141
147 141
143 142
144 142
148 142
149 142
150 142
144 143
148 143
149 143
150 143
148 144
149 144
150 144
146 145
147 145
151 145
153 145
154 145
155 145
156 145
147 146
152 146
154 146
155 146
156 146
151 147
153 147
154 147
155 147
156 147
149 148
150 148
157 148
158 148
159 148
150 149
157 149
158 149
159 149
157 150
158 150
159 150
153 151
160 151
162 151
161 152
160 153
162 153
155 154
156 154
163 154
164 154
165 154
156 155
163 155
164 155
165 155
163 156
164 156
165 156
158 157
159 157
166 157
167 157
168 157
159 158
166 158
167 158
168 158
166 159
167 159
168 159
162 160
169 160
171 160
170 161
169 162
171 162
164 163
165 163
172 163
173 163
174 163
165 164
172 164
173 164
174 164
172 165
173 165
174 165
167 166
168 166
175 166
176 166
177 166
168 167
175 167
176 167
177 167
175 168
176 168
177 168
171 169
178 169
180 169
179 170
178 171
180 171
173 172
174 172
181 172
182 172
183 172
174 173
181 173
182 173
183 173
181 174
182 174
183 174
176 175
177 175
184 175
185 175
186 175
177 176
184 176
185 176
186 176
184 177
185 177
186 177
180 178
187 178
189 178
188 179
187 180
189 180
182 181
183 181
190 181
191 181
192 181
183 182
190 182
191 182
192 182
190 183
191 183
192 183
185 184
186 184
193 184
194 184
195 184
196 184
186 185
193 185
194 185
195 185
197 185
198 185
193 186
194 186
195 186
197 186
198 186
189 187
199 187
201 187
200 188
199 189
201 189
191 190
192 190
202 190
203 190
204 190
192 191
202 191
203 191
204 191
202 192
203 192
204 192
194 193
195 193
205 193
206 193
207 193
195 194
205 194
206 194
207 194
205 195
206 195
207 195
208 196
198 197
209 197
210 197
209 198
210 198
201 199
211 199
213 199
212 200
211 201
213 201
203 202
204 202
214 202
215 202
216 202
204 203
214 203
215 203
216 203
214 204
215 204
216 204
206 205
207 205
217 205
218 205
219 205
207 206
217 206
218 206
219 206
217 207
218 207
219 207
210 208
220 208
222 208
223 208
210 209
221 209
224 209
225 209
220 210
222 210
224 210
225 210
213 211
226 211
228 211
227 212
226 213
228 213
215 214
216 214
229 214
230 214
231 214
216 215
229 215
230 215
231 215
229 216
230 216
231 216
218 217
219 217
232 217
233 217
234 217
219 218
232 218
233 218
234 218
232 219
233 219
234 219
222 220
225 223
235 223
237 223
238 223
225 224
236 224
239 224
240 224
235 225
237 225
239 225
240 225
228 226
241 226
243 226
242 227
241 228
243 228
230 229
231 229
244 229
245 229
246 229
231 230
244 230
245 230
246 230
244 231
245 231
246 231
233 232
234 232
247 232
248 232
249 232
234 233
247 233
248 233
249 233
247 234
248 234
249 234
237 235
250 238
240 239
251 239
252 239
251 240
252 240
243 241
253 241
255 241
254 242
253 243
255 243
245 244
246 244
256 244
257 244
258 244
246 245
256 245
257 245
258 245
256 246
257 246
258 246
248 247
249 247
259 247
260 247
261 247
249 248
259 248
260 248
261 248
259 249
260 249
261 249
262 250
263 251
264 251
263 252
264 252
255 253
265 253
267 253
266 254
265 255
267 255
257 256
258 256
268 256
269 256
270 256
258 257
268 257
269 257
270 257
268 258
269 258
270 258
260 259
261 259
271 259
272 259
273 259
261 260
271 260
272 260
273 260
271 261
272 261
273 261
274 262
264 263
275 263
276 263
275 264
276 264
267 265
277 265
279 265
278 266
277 267
279 267
269 268
270 268
280 268
281 268
282 268
283 268
270 269
280 269
281 269
282 269
284 269
285 269
280 270
281 270
282 270
284 270
285 270
272 271
273 271
286 271
287 271
288 271
273 272
286 272
287 272
288 272
286 273
287 273
288 273
276 274
289 274
291 274
292 274
276 275
290 275
293 275
294 275
289 276
291 276
293 276
294 276
279 277
295 277
297 277
296 278
295 279
297 279
281 280
282 280
298 280
299 280
300 280
282 281
298 281
299 281
300 281
298 282
299 282
300 282
292 283
285 284
293 284
294 284
293 285
294 285
287 286
288 286
301 286
302 286
303 286
288 287
301 287
302 287
303 287
301 288
302 288
303 288
291 289
294 292
304 292
306 292
294 293
305 293
304 294
306 294
297 295
307 295
309 295
308 296
307 297
309 297
299 298
300 298
310 298
311 298
312 298
300 299
310 299
311 299
312 299
310 300
311 300
312 300
302 301
303 301
313 301
314 301
315 301
303 302
313 302
314 302
315 302
313 303
314 303
315 303
306 304
309 307
316 307
318 307
317 308
316 309
318 309
311 310
312 310
319 310
320 310
321 310
312 311
319 311
320 311
321 311
319 312
320 312
321 312
314 313
315 313
322 313
323 313
324 313
315 314
322 314
323 314
324 314
322 315
323 315
324 315
318 316
325 316
327 316
326 317
325 318
327 318
320 319
321 319
328 319
329 319
330 319
321 320
328 320
329 320
330 320
328 321
329 321
330 321
323 322
324 322
331 322
332 322
333 322
324 323
331 323
332 323
333 323
331 324
332 324
333 324
327 325
334 325
336 325
335 326
334 327
336 327
329 328
330 328
337 328
338 328
339 328
330 329
337 329
338 329
339 329
337 330
338 330
339 330
332 331
333 331
340 331
341 331
342 331
333 332
340 332
341 332
342 332
340 333
341 333
342 333
336 334
343 334
345 334
344 335
343 336
345 336
338 337
339 337
346 337
347 337
348 337
339 338
346 338
347 338
348 338
346 339
347 339
348 339
341 340
342 340
349 340
350 340
351 340
342 341
349 341
350 341
351 341
349 342
350 342
351 342
345 343
352 343
354 343
353 344
352 345
354 345
347 346
348 346
355 346
356 346
357 346
348 347
355 347
356 347
357 347
355 348
356 348
357 348
350 349
351 349
358 349
359 349
360 349
351 350
358 350
359 350
360 350
358 351
359 351
360 351
354 352
361 352
363 352
362 353
361 354
363 354
356 355
357 355
364 355
365 355
366 355
357 356
364 356
365 356
366 356
364 357
365 357
366 357
359 358
360 358
367 358
368 358
369 358
360 359
367 359
368 359
369 359
367 360
368 360
369 360
363 361
370 361
372 361
371 362
370 363
372 363
365 364
366 364
373 364
374 364
375 364
366 365
373 365
374 365
375 365
373 366
374 366
375 366
368 367
369 367
376 367
377 367
378 367
369 368
376 368
377 368
378 368
376 369
377 369
378 369
372 370
379 370
381 370
380 371
379 372
381 372
374 373
375 373
382 373
383 373
384 373
375 374
382 374
383 374
384 374
382 375
383 375
384 375
377 376
378 376
385 376
386 376
387 376
378 377
385 377
386 377
387 377
385 378
386 378
387 378
381 379
388 379
390 379
389 380
388 381
390 381
383 382
384 382
391 382
392 382
393 382
384 383
391 383
392 383
393 383
391 384
392 384
393 384
386 385
387 385
394 385
395 385
396 385
387 386
394 386
395 386
396 386
394 387
395 387
396 387
390 388
397 388
399 388
398 389
397 390
399 390
392 391
393 391
400 391
401 391
402 391
393 392
400 392
401 392
402 392
400 393
401 393
402 393
395 394
396 394
403 394
396 395
403 395
403 396
399 397
404 397
406 397
405 398
404 399
406 399
401 400
402 400
407 400
408 400
409 400
402 401
407 401
408 401
409 401
407 402
408 402
409 402
410 403
413 403
406 404
416 404
418 404
417 405
416 406
418 406
408 407
409 407
419 407
420 407
421 407
409 408
419 408
420 408
421 408
419 409
420 409
421 409
412 411
422 413
415 414
423 414
424 414
423 415
424 415
418 416
425 416
427 416
426 417
425 418
427 418
420 419
421 419
428 419
429 419
430 419
421 420
428 420
429 420
430 420
428 421
429 421
430 421
431 422
424 423
432 423
433 423
432 424
433 424
427 425
434 425
436 425
435 426
434 427
436 427
429 428
430 428
437 428
438 428
439 428
430 429
437 429
438 429
439 429
437 430
438 430
439 430
440 431
441 432
442 432
441 433
442 433
436 434
443 434
445 434
444 435
443 436
445 436
438 437
439 437
446 437
447 437
448 437
439 438
446 438
447 438
448 438
446 439
447 439
448 439
449 440
450 441
451 441
450 442
451 442
445 443
452 443
454 443
453 444
452 445
454 445
447 446
448 446
455 446
456 446
457 446
448 447
455 447
456 447
457 447
455 448
456 448
457 448
458 449
459 450
460 450
459 451
460 451
454 452
461 452
463 452
462 453
461 454
463 454
456 455
457 455
464 455
457 456
464 456
464 457
465 458
460 459
466 459
467 459
466 460
467 460
463 461
468 461
470 461
469 462
468 463
470 463
465 464
471 464
467 466
470 468
474 468
476 468
475 469
474 470
476 470
473 472
476 474
477 474
479 474
478 475
477 476
479 476
479 477
480 477
482 477
481 478
480 479
482 479
482 480
483 480
485 480
484 481
483 482
485 482
485 483
