
900 900 3422
2 1
31 1
32 1
3 2
31 2
32 2
33 2
4 3
32 3
33 3
34 3
5 4
33 4
34 4
35 4
6 5
34 5
35 5
36 5
7 6
35 6
36 6
37 6
8 7
36 7
37 7
38 7
9 8
37 8
38 8
39 8
10 9
38 9
39 9
40 9
11 10
39 10
40 10
41 10
12 11
40 11
41 11
42 11
13 12
41 12
42 12
43 12
14 13
42 13
43 13
44 13
15 14
43 14
44 14
45 14
16 15
44 15
45 15
46 15
17 16
45 16
46 16
47 16
18 17
46 17
47 17
48 17
19 18
47 18
48 18
49 18
20 19
48 19
49 19
50 19
21 20
49 20
50 20
51 20
22 21
50 21
51 21
52 21
23 22
51 22
52 22
53 22
24 23
52 23
53 23
54 23
25 24
53 24
54 24
55 24
26 25
54 25
55 25
56 25
27 26
55 26
56 26
57 26
28 27
56 27
57 27
58 27
29 28
57 28
58 28
59 28
30 29
58 29
59 29
60 29
59 30
60 30
32 31
61 31
62 31
33 32
61 32
62 32
63 32
34 33
62 33
63 33
64 33
35 34
63 34
64 34
65 34
36 35
64 35
65 35
66 35
37 36
65 36
66 36
67 36
38 37
66 37
67 37
68 37
39 38
67 38
68 38
69 38
40 39
68 39
69 39
70 39
41 40
69 40
70 40
71 40
42 41
70 41
71 41
72 41
43 42
71 42
72 42
73 42
44 43
72 43
73 43
74 43
45 44
73 44
74 44
75 44
46 45
74 45
75 45
76 45
47 46
75 46
76 46
77 46
48 47
76 47
77 47
78 47
49 48
77 48
78 48
79 48
50 49
78 49
79 49
80 49
51 50
79 50
80 50
81 50
52 51
80 51
81 51
82 51
53 52
81 52
82 52
83 52
54 53
82 53
83 53
84 53
55 54
83 54
84 54
85 54
56 55
84 55
85 55
86 55
57 56
85 56
86 56
87 56
58 57
86 57
87 57
88 57
59 58
87 58
88 58
89 58
60 59
88 59
89 59
90 59
89 60
90 60
62 61
91 61
92 61
63 62
91 62
92 62
93 62
64 63
92 63
93 63
94 63
65 64
93 64
94 64
95 64
66 65
94 65
95 65
96 65
67 66
95 66
96 66
97 66
68 67
96 67
97 67
98 67
69 68
97 68
98 68
99 68
70 69
98 69
99 69
100 69
71 70
99 70
100 70
101 70
72 71
100 71
101 71
102 71
73 72
101 72
102 72
103 72
74 73
102 73
103 73
104 73
75 74
103 74
104 74
105 74
76 75
104 75
105 75
106 75
77 76
105 76
106 76
107 76
78 77
106 77
107 77
108 77
79 78
107 78
108 78
109 78
80 79
108 79
109 79
110 79
81 80
109 80
110 80
111 80
82 81
110 81
111 81
112 81
83 82
111 82
112 82
113 82
84 83
112 83
113 83
114 83
85 84
113 84
114 84
115 84
86 85
114 85
115 85
116 85
87 86
115 86
116 86
117 86
88 87
116 87
117 87
118 87
89 88
117 88
118 88
119 88
90 89
118 89
119 89
120 89
119 90
120 90
92 91
121 91
122 91
93 92
121 92
122 92
123 92
94 93
122 93
123 93
124 93
95 94
123 94
124 94
125 94
96 95
124 95
125 95
126 95
97 96
125 96
126 96
127 96
98 97
126 97
127 97
128 97
99 98
127 98
128 98
129 98
100 99
128 99
129 99
130 99
101 100
129 100
130 100
131 100
102 101
130 101
131 101
132 101
103 102
131 102
132 102
133 102
104 103
132 103
133 103
134 103
105 104
133 104
134 104
135 104
106 105
134 105
135 105
136 105
107 106
135 106
136 106
137 106
108 107
136 107
137 107
138 107
109 108
137 108
138 108
139 108
110 109
138 109
139 109
140 109
111 110
139 110
140 110
141 110
112 111
140 111
141 111
142 111
113 112
141 112
142 112
143 112
114 113
142 113
143 113
144 113
115 114
143 114
144 114
145 114
116 115
144 115
145 115
146 115
117 116
145 116
146 116
147 116
118 117
146 117
147 117
148 117
119 118
147 118
148 118
149 118
120 119
148 119
149 119
150 119
149 120
150 120
122 121
151 121
152 121
123 122
151 122
152 122
153 122
124 123
152 123
153 123
154 123
125 124
153 124
154 124
155 124
126 125
154 125
155 125
156 125
127 126
155 126
156 126
157 126
128 127
156 127
157 127
158 127
129 128
157 128
158 128
159 128
130 129
158 129
159 129
160 129
131 130
159 130
160 130
161 130
132 131
160 131
161 131
162 131
133 132
161 132
162 132
163 132
134 133
162 133
163 133
164 133
135 134
163 134
164 134
165 134
136 135
164 135
165 135
166 135
137 136
165 136
166 136
167 136
138 137
166 137
167 137
168 137
139 138
167 138
168 138
169 138
140 139
168 139
169 139
170 139
141 140
169 140
170 140
171 140
142 141
170 141
171 141
172 141
143 142
171 142
172 142
173 142
144 143
172 143
173 143
174 143
145 144
173 144
174 144
175 144
146 145
174 145
175 145
176 145
147 146
175 146
176 146
177 146
148 147
176 147
177 147
178 147
149 148
177 148
178 148
179 148
150 149
178 149
179 149
180 149
179 150
180 150
152 151
181 151
182 151
153 152
181 152
182 152
183 152
154 153
182 153
183 153
184 153
155 154
183 154
184 154
185 154
156 155
184 155
185 155
186 155
157 156
185 156
186 156
187 156
158 157
186 157
187 157
188 157
159 158
187 158
188 158
189 158
160 159
188 159
189 159
190 159
161 160
189 160
190 160
191 160
162 161
190 161
191 161
192 161
163 162
191 162
192 162
193 162
164 163
192 163
193 163
194 163
165 164
193 164
194 164
195 164
166 165
194 165
195 165
196 165
167 166
195 166
196 166
197 166
168 167
196 167
197 167
198 167
169 168
197 168
198 168
199 168
170 169
198 169
199 169
200 169
171 170
199 170
200 170
201 170
172 171
200 171
201 171
202 171
173 172
201 172
202 172
203 172
174 173
202 173
203 173
204 173
175 174
203 174
204 174
205 174
176 175
204 175
205 175
206 175
177 176
205 176
206 176
207 176
178 177
206 177
207 177
208 177
179 178
207 178
208 178
209 178
180 179
208 179
209 179
210 179
209 180
210 180
182 181
211 181
212 181
183 182
211 182
212 182
213 182
184 183
212 183
213 183
214 183
185 184
213 184
214 184
215 184
186 185
214 185
215 185
216 185
187 186
215 186
216 186
217 186
188 187
216 187
217 187
218 187
189 188
217 188
218 188
219 188
190 189
218 189
219 189
220 189
191 190
219 190
220 190
221 190
192 191
220 191
221 191
222 191
193 192
221 192
222 192
223 192
194 193
222 193
223 193
224 193
195 194
223 194
224 194
225 194
196 195
224 195
225 195
226 195
197 196
225 196
226 196
227 196
198 197
226 197
227 197
228 197
199 198
227 198
228 198
229 198
200 199
228 199
229 199
230 199
201 200
229 200
230 200
231 200
202 201
230 201
231 201
232 201
203 202
231 202
232 202
233 202
204 203
232 203
233 203
234 203
205 204
233 204
234 204
235 204
206 205
234 205
235 205
236 205
207 206
235 206
236 206
237 206
208 207
236 207
237 207
238 207
209 208
237 208
238 208
239 208
210 209
238 209
239 209
240 209
239 210
240 210
212 211
241 211
242 211
213 212
241 212
242 212
243 212
214 213
242 213
243 213
244 213
215 214
243 214
244 214
245 214
216 215
244 215
245 215
246 215
217 216
245 216
246 216
247 216
218 217
246 217
247 217
248 217
219 218
247 218
248 218
249 218
220 219
248 219
249 219
250 219
221 220
249 220
250 220
251 220
222 221
250 221
251 221
252 221
223 222
251 222
252 222
253 222
224 223
252 223
253 223
254 223
225 224
253 224
254 224
255 224
226 225
254 225
255 225
256 225
227 226
255 226
256 226
257 226
228 227
256 227
257 227
258 227
229 228
257 228
258 228
259 228
230 229
258 229
259 229
260 229
231 230
259 230
260 230
261 230
232 231
260 231
261 231
262 231
233 232
261 232
262 232
263 232
234 233
262 233
263 233
264 233
235 234
263 234
264 234
265 234
236 235
264 235
265 235
266 235
237 236
265 236
266 236
267 236
238 237
266 237
267 237
268 237
239 238
267 238
268 238
269 238
240 239
268 239
269 239
270 239
269 240
270 240
242 241
271 241
272 241
243 242
271 242
272 242
273 242
244 243
272 243
273 243
274 243
245 244
273 244
274 244
275 244
246 245
274 245
275 245
276 245
247 246
275 246
276 246
277 246
248 247
276 247
277 247
278 247
249 248
277 248
278 248
279 248
250 249
278 249
279 249
280 249
251 250
279 250
280 250
281 250
252 251
280 251
281 251
282 251
253 252
281 252
282 252
283 252
254 253
282 253
283 253
284 253
255 254
283 254
284 254
285 254
256 255
284 255
285 255
286 255
257 256
285 256
286 256
287 256
258 257
286 257
287 257
288 257
259 258
287 258
288 258
289 258
260 259
288 259
289 259
290 259
261 260
289 260
290 260
291 260
262 261
290 261
291 261
292 261
263 262
291 262
292 262
293 262
264 263
292 263
293 263
294 263
265 264
293 264
294 264
295 264
266 265
294 265
295 265
296 265
267 266
295 266
296 266
297 266
268 267
296 267
297 267
298 267
269 268
297 268
298 268
299 268
270 269
298 269
299 269
300 269
299 270
300 270
272 271
301 271
302 271
273 272
301 272
302 272
303 272
274 273
302 273
303 273
304 273
275 274
303 274
304 274
305 274
276 275
304 275
305 275
306 275
277 276
305 276
306 276
307 276
278 277
306 277
307 277
308 277
279 278
307 278
308 278
309 278
280 279
308 279
309 279
310 279
281 280
309 280
310 280
311 280
282 281
310 281
311 281
312 281
283 282
311 282
312 282
313 282
284 283
312 283
313 283
314 283
285 284
313 284
314 284
315 284
286 285
314 285
315 285
316 285
287 286
315 286
316 286
317 286
288 287
316 287
317 287
318 287
289 288
317 288
318 288
319 288
290 289
318 289
319 289
320 289
291 290
319 290
320 290
321 290
292 291
320 291
321 291
322 291
293 292
321 292
322 292
323 292
294 293
322 293
323 293
324 293
295 294
323 294
324 294
325 294
296 295
324 295
325 295
326 295
297 296
325 296
326 296
327 296
298 297
326 297
327 297
328 297
299 298
327 298
328 298
329 298
300 299
328 299
329 299
330 299
329 300
330 300
302 301
331 301
332 301
303 302
331 302
332 302
333 302
304 303
332 303
333 303
334 303
305 304
333 304
334 304
335 304
306 305
334 305
335 305
336 305
307 306
335 306
336 306
337 306
308 307
336 307
337 307
338 307
309 308
337 308
338 308
339 308
310 309
338 309
339 309
340 309
311 310
339 310
340 310
341 310
312 311
340 311
341 311
342 311
313 312
341 312
342 312
343 312
314 313
342 313
343 313
344 313
315 314
343 314
344 314
345 314
316 315
344 315
345 315
346 315
317 316
345 316
346 316
347 316
318 317
346 317
347 317
348 317
319 318
347 318
348 318
349 318
320 319
348 319
349 319
350 319
321 320
349 320
350 320
351 320
322 321
350 321
351 321
352 321
323 322
351 322
352 322
353 322
324 323
352 323
353 323
354 323
325 324
353 324
354 324
355 324
326 325
354 325
355 325
356 325
327 326
355 326
356 326
357 326
328 327
356 327
357 327
358 327
329 328
357 328
358 328
359 328
330 329
358 329
359 329
360 329
359 330
360 330
332 331
361 331
362 331
333 332
361 332
362 332
363 332
334 333
362 333
363 333
364 333
335 334
363 334
364 334
365 334
336 335
364 335
365 335
366 335
337 336
365 336
366 336
367 336
338 337
366 337
367 337
368 337
339 338
367 338
368 338
369 338
340 339
368 339
369 339
370 339
341 340
369 340
370 340
371 340
342 341
370 341
371 341
372 341
343 342
371 342
372 342
373 342
344 343
372 343
373 343
374 343
345 344
373 344
374 344
375 344
346 345
374 345
375 345
376 345
347 346
375 346
376 346
377 346
348 347
376 347
377 347
378 347
349 348
377 348
378 348
379 348
350 349
378 349
379 349
380 349
351 350
379 350
380 350
381 350
352 351
380 351
381 351
382 351
353 352
381 352
382 352
383 352
354 353
382 353
383 353
384 353
355 354
383 354
384 354
385 354
356 355
384 355
385 355
386 355
357 356
385 356
386 356
387 356
358 357
386 357
387 357
388 357
359 358
387 358
388 358
389 358
360 359
388 359
389 359
390 359
389 360
390 360
362 361
391 361
392 361
363 362
391 362
392 362
393 362
364 363
392 363
393 363
394 363
365 364
393 364
394 364
395 364
366 365
394 365
395 365
396 365
367 366
395 366
396 366
397 366
368 367
396 367
397 367
398 367
369 368
397 368
398 368
399 368
370 369
398 369
399 369
400 369
371 370
399 370
400 370
401 370
372 371
400 371
401 371
402 371
373 372
401 372
402 372
403 372
374 373
402 373
403 373
404 373
375 374
403 374
404 374
405 374
376 375
404 375
405 375
406 375
377 376
405 376
406 376
407 376
378 377
406 377
407 377
408 377
379 378
407 378
408 378
409 378
380 379
408 379
409 379
410 379
381 380
409 380
410 380
411 380
382 381
410 381
411 381
412 381
383 382
411 382
412 382
413 382
384 383
412 383
413 383
414 383
385 384
413 384
414 384
415 384
386 385
414 385
415 385
416 385
387 386
415 386
416 386
417 386
388 387
416 387
417 387
418 387
389 388
417 388
418 388
419 388
390 389
418 389
419 389
420 389
419 390
420 390
392 391
421 391
422 391
393 392
421 392
422 392
423 392
394 393
422 393
423 393
424 393
395 394
423 394
424 394
425 394
396 395
424 395
425 395
426 395
397 396
425 396
426 396
427 396
398 397
426 397
427 397
428 397
399 398
427 398
428 398
429 398
400 399
428 399
429 399
430 399
401 400
429 400
430 400
431 400
402 401
430 401
431 401
432 401
403 402
431 402
432 402
433 402
404 403
432 403
433 403
434 403
405 404
433 404
434 404
435 404
406 405
434 405
435 405
436 405
407 406
435 406
436 406
437 406
408 407
436 407
437 407
438 407
409 408
437 408
438 408
439 408
410 409
438 409
439 409
440 409
411 410
439 410
440 410
441 410
412 411
440 411
441 411
442 411
413 412
441 412
442 412
443 412
414 413
442 413
443 413
444 413
415 414
443 414
444 414
445 414
416 415
444 415
445 415
446 415
417 416
445 416
446 416
447 416
418 417
446 417
447 417
448 417
419 418
447 418
448 418
449 418
420 419
448 419
449 419
450 419
449 420
450 420
422 421
451 421
452 421
423 422
451 422
452 422
453 422
424 423
452 423
453 423
454 423
425 424
453 424
454 424
455 424
426 425
454 425
455 425
456 425
427 426
455 426
456 426
457 426
428 427
456 427
457 427
458 427
429 428
457 428
458 428
459 428
430 429
458 429
459 429
460 429
431 430
459 430
460 430
461 430
432 431
460 431
461 431
462 431
433 432
461 432
462 432
463 432
434 433
462 433
463 433
464 433
435 434
463 434
464 434
465 434
436 435
464 435
465 435
466 435
437 436
465 436
466 436
467 436
438 437
466 437
467 437
468 437
439 438
467 438
468 438
469 438
440 439
468 439
469 439
470 439
441 440
469 440
470 440
471 440
442 441
470 441
471 441
472 441
443 442
471 442
472 442
473 442
444 443
472 443
473 443
474 443
445 444
473 444
474 444
475 444
446 445
474 445
475 445
476 445
447 446
475 446
476 446
477 446
448 447
476 447
477 447
478 447
449 448
477 448
478 448
479 448
450 449
478 449
479 449
480 449
479 450
480 450
452 451
481 451
482 451
453 452
481 452
482 452
483 452
454 453
482 453
483 453
484 453
455 454
483 454
484 454
485 454
456 455
484 455
485 455
486 455
457 456
485 456
486 456
487 456
458 457
486 457
487 457
488 457
459 458
487 458
488 458
489 458
460 459
488 459
489 459
490 459
461 460
489 460
490 460
491 460
462 461
490 461
491 461
492 461
463 462
491 462
492 462
493 462
464 463
492 463
493 463
494 463
465 464
493 464
494 464
495 464
466 465
494 465
495 465
496 465
467 466
495 466
496 466
497 466
468 467
496 467
497 467
498 467
469 468
497 468
498 468
499 468
470 469
498 469
499 469
500 469
471 470
499 470
500 470
501 470
472 471
500 471
501 471
502 471
473 472
501 472
502 472
503 472
474 473
502 473
503 473
504 473
475 474
503 474
504 474
505 474
476 475
504 475
505 475
506 475
477 476
505 476
506 476
507 476
478 477
506 477
507 477
508 477
479 478
507 478
508 478
509 478
480 479
508 479
509 479
510 479
509 480
510 480
482 481
511 481
512 481
483 482
511 482
512 482
513 482
484 483
512 483
513 483
514 483
485 484
513 484
514 484
515 484
486 485
514 485
515 485
516 485
487 486
515 486
516 486
517 486
488 487
516 487
517 487
518 487
489 488
517 488
518 488
519 488
490 489
518 489
519 489
520 489
491 490
519 490
520 490
521 490
492 491
520 491
521 491
522 491
493 492
521 492
522 492
523 492
494 493
522 493
523 493
524 493
495 494
523 494
524 494
525 494
496 495
524 495
525 495
526 495
497 496
525 496
526 496
527 496
498 497
526 497
527 497
528 497
499 498
527 498
528 498
529 498
500 499
528 499
529 499
530 499
501 500
529 500
530 500
531 500
502 501
530 501
531 501
532 501
503 502
531 502
532 502
533 502
504 503
532 503
533 503
534 503
505 504
533 504
534 504
535 504
506 505
534 505
535 505
536 505
507 506
535 506
536 506
537 506
508 507
536 507
537 507
538 507
509 508
537 508
538 508
539 508
510 509
538 509
539 509
540 509
539 510
540 510
512 511
541 511
542 511
513 512
541 512
542 512
543 512
514 513
542 513
543 513
544 513
515 514
543 514
544 514
545 514
516 515
544 515
545 515
546 515
517 516
545 516
546 516
547 516
518 517
546 517
547 517
548 517
519 518
547 518
548 518
549 518
520 519
548 519
549 519
550 519
521 520
549 520
550 520
551 520
522 521
550 521
551 521
552 521
523 522
551 522
552 522
553 522
524 523
552 523
553 523
554 523
525 524
553 524
554 524
555 524
526 525
554 525
555 525
556 525
527 526
555 526
556 526
557 526
528 527
556 527
557 527
558 527
529 528
557 528
558 528
559 528
530 529
558 529
559 529
560 529
531 530
559 530
560 530
561 530
532 531
560 531
561 531
562 531
533 532
561 532
562 532
563 532
534 533
562 533
563 533
564 533
535 534
563 534
564 534
565 534
536 535
564 535
565 535
566 535
537 536
565 536
566 536
567 536
538 537
566 537
567 537
568 537
539 538
567 538
568 538
569 538
540 539
568 539
569 539
570 539
569 540
570 540
542 541
571 541
572 541
543 542
571 542
572 542
573 542
544 543
572 543
573 543
574 543
545 544
573 544
574 544
575 544
546 545
574 545
575 545
576 545
547 546
575 546
576 546
577 546
548 547
576 547
577 547
578 547
549 548
577 548
578 548
579 548
550 549
578 549
579 549
580 549
551 550
579 550
580 550
581 550
552 551
580 551
581 551
582 551
553 552
581 552
582 552
583 552
554 553
582 553
583 553
584 553
555 554
583 554
584 554
585 554
556 555
584 555
585 555
586 555
557 556
585 556
586 556
587 556
558 557
586 557
587 557
588 557
559 558
587 558
588 558
589 558
560 559
588 559
589 559
590 559
561 560
589 560
590 560
591 560
562 561
590 561
591 561
592 561
563 562
591 562
592 562
593 562
564 563
592 563
593 563
594 563
565 564
593 564
594 564
595 564
566 565
594 565
595 565
596 565
567 566
595 566
596 566
597 566
568 567
596 567
597 567
598 567
569 568
597 568
598 568
599 568
570 569
598 569
599 569
600 569
599 570
600 570
572 571
601 571
602 571
573 572
601 572
602 572
603 572
574 573
602 573
603 573
604 573
575 574
603 574
604 574
605 574
576 575
604 575
605 575
606 575
577 576
605 576
606 576
607 576
578 577
606 577
607 577
608 577
579 578
607 578
608 578
609 578
580 579
608 579
609 579
610 579
581 580
609 580
610 580
611 580
582 581
610 581
611 581
612 581
583 582
611 582
612 582
613 582
584 583
612 583
613 583
614 583
585 584
613 584
614 584
615 584
586 585
614 585
615 585
616 585
587 586
615 586
616 586
617 586
588 587
616 587
617 587
618 587
589 588
617 588
618 588
619 588
590 589
618 589
619 589
620 589
591 590
619 590
620 590
621 590
592 591
620 591
621 591
622 591
593 592
621 592
622 592
623 592
594 593
622 593
623 593
624 593
595 594
623 594
624 594
625 594
596 595
624 595
625 595
626 595
597 596
625 596
626 596
627 596
598 597
626 597
627 597
628 597
599 598
627 598
628 598
629 598
600 599
628 599
629 599
630 599
629 600
630 600
602 601
631 601
632 601
603 602
631 602
632 602
633 602
604 603
632 603
633 603
634 603
605 604
633 604
634 604
635 604
606 605
634 605
635 605
636 605
607 606
635 606
636 606
637 606
608 607
636 607
637 607
638 607
609 608
637 608
638 608
639 608
610 609
638 609
639 609
640 609
611 610
639 610
640 610
641 610
612 611
640 611
641 611
642 611
613 612
641 612
642 612
643 612
614 613
642 613
643 613
644 613
615 614
643 614
644 614
645 614
616 615
644 615
645 615
646 615
617 616
645 616
646 616
647 616
618 617
646 617
647 617
648 617
619 618
647 618
648 618
649 618
620 619
648 619
649 619
650 619
621 620
649 620
650 620
651 620
622 621
650 621
651 621
652 621
623 622
651 622
652 622
653 622
624 623
652 623
653 623
654 623
625 624
653 624
654 624
655 624
626 625
654 625
655 625
656 625
627 626
655 626
656 626
657 626
628 627
656 627
657 627
658 627
629 628
657 628
658 628
659 628
630 629
658 629
659 629
660 629
659 630
660 630
632 631
661 631
662 631
633 632
661 632
662 632
663 632
634 633
662 633
663 633
664 633
635 634
663 634
664 634
665 634
636 635
664 635
665 635
666 635
637 636
665 636
666 636
667 636
638 637
666 637
667 637
668 637
639 638
667 638
668 638
669 638
640 639
668 639
669 639
670 639
641 640
669 640
670 640
671 640
642 641
670 641
671 641
672 641
643 642
671 642
672 642
673 642
644 643
672 643
673 643
674 643
645 644
673 644
674 644
675 644
646 645
674 645
675 645
676 645
647 646
675 646
676 646
677 646
648 647
676 647
677 647
678 647
649 648
677 648
678 648
679 648
650 649
678 649
679 649
680 649
651 650
679 650
680 650
681 650
652 651
680 651
681 651
682 651
653 652
681 652
682 652
683 652
654 653
682 653
683 653
684 653
655 654
683 654
684 654
685 654
656 655
684 655
685 655
686 655
657 656
685 656
686 656
687 656
658 657
686 657
687 657
688 657
659 658
687 658
688 658
689 658
660 659
688 659
689 659
690 659
689 660
690 660
662 661
691 661
692 661
663 662
691 662
692 662
693 662
664 663
692 663
693 663
694 663
665 664
693 664
694 664
695 664
666 665
694 665
695 665
696 665
667 666
695 666
696 666
697 666
668 667
696 667
697 667
698 667
669 668
697 668
698 668
699 668
670 669
698 669
699 669
700 669
671 670
699 670
700 670
701 670
672 671
700 671
701 671
702 671
673 672
701 672
702 672
703 672
674 673
702 673
703 673
704 673
675 674
703 674
704 674
705 674
676 675
704 675
705 675
706 675
677 676
705 676
706 676
707 676
678 677
706 677
707 677
708 677
679 678
707 678
708 678
709 678
680 679
708 679
709 679
710 679
681 680
709 680
710 680
711 680
682 681
710 681
711 681
712 681
683 682
711 682
712 682
713 682
684 683
712 683
713 683
714 683
685 684
713 684
714 684
715 684
686 685
714 685
715 685
716 685
687 686
715 686
716 686
717 686
688 687
716 687
717 687
718 687
689 688
717 688
718 688
719 688
690 689
718 689
719 689
720 689
719 690
720 690
692 691
721 691
722 691
693 692
721 692
722 692
723 692
694 693
722 693
723 693
724 693
695 694
723 694
724 694
725 694
696 695
724 695
725 695
726 695
697 696
725 696
726 696
727 696
698 697
726 697
727 697
728 697
699 698
727 698
728 698
729 698
700 699
728 699
729 699
730 699
701 700
729 700
730 700
731 700
702 701
730 701
731 701
732 701
703 702
731 702
732 702
733 702
704 703
732 703
733 703
734 703
705 704
733 704
734 704
735 704
706 705
734 705
735 705
736 705
707 706
735 706
736 706
737 706
708 707
736 707
737 707
738 707
709 708
737 708
738 708
739 708
710 709
738 709
739 709
740 709
711 710
739 710
740 710
741 710
712 711
740 711
741 711
742 711
713 712
741 712
742 712
743 712
714 713
742 713
743 713
744 713
715 714
743 714
744 714
745 714
716 715
744 715
745 715
746 715
717 716
745 716
746 716
747 716
718 717
746 717
747 717
748 717
719 718
747 718
748 718
749 718
720 719
748 719
749 719
750 719
749 720
750 720
722 721
751 721
752 721
723 722
751 722
752 722
753 722
724 723
752 723
753 723
754 723
725 724
753 724
754 724
755 724
726 725
754 725
755 725
756 725
727 726
755 726
756 726
757 726
728 727
756 727
757 727
758 727
729 728
757 728
758 728
759 728
730 729
758 729
759 729
760 729
731 730
759 730
760 730
761 730
732 731
760 731
761 731
762 731
733 732
761 732
762 732
763 732
734 733
762 733
763 733
764 733
735 734
763 734
764 734
765 734
736 735
764 735
765 735
766 735
737 736
765 736
766 736
767 736
738 737
766 737
767 737
768 737
739 738
767 738
768 738
769 738
740 739
768 739
769 739
770 739
741 740
769 740
770 740
771 740
742 741
770 741
771 741
772 741
743 742
771 742
772 742
773 742
744 743
772 743
773 743
774 743
745 744
773 744
774 744
775 744
746 745
774 745
775 745
776 745
747 746
775 746
776 746
777 746
748 747
776 747
777 747
778 747
749 748
777 748
778 748
779 748
750 749
778 749
779 749
780 749
779 750
780 750
752 751
781 751
782 751
753 752
781 752
782 752
783 752
754 753
782 753
783 753
784 753
755 754
783 754
784 754
785 754
756 755
784 755
785 755
786 755
757 756
785 756
786 756
787 756
758 757
786 757
787 757
788 757
759 758
787 758
788 758
789 758
760 759
788 759
789 759
790 759
761 760
789 760
790 760
791 760
762 761
790 761
791 761
792 761
763 762
791 762
792 762
793 762
764 763
792 763
793 763
794 763
765 764
793 764
794 764
795 764
766 765
794 765
795 765
796 765
767 766
795 766
796 766
797 766
768 767
796 767
797 767
798 767
769 768
797 768
798 768
799 768
770 769
798 769
799 769
800 769
771 770
799 770
800 770
801 770
772 771
800 771
801 771
802 771
773 772
801 772
802 772
803 772
774 773
802 773
803 773
804 773
775 774
803 774
804 774
805 774
776 775
804 775
805 775
806 775
777 776
805 776
806 776
807 776
778 777
806 777
807 777
808 777
779 778
807 778
808 778
809 778
780 779
808 779
809 779
810 779
809 780
810 780
782 781
811 781
812 781
783 782
811 782
812 782
813 782
784 783
812 783
813 783
814 783
785 784
813 784
814 784
815 784
786 785
814 785
815 785
816 785
787 786
815 786
816 786
817 786
788 787
816 787
817 787
818 787
789 788
817 788
818 788
819 788
790 789
818 789
819 789
820 789
791 790
819 790
820 790
821 790
792 791
820 791
821 791
822 791
793 792
821 792
822 792
823 792
794 793
822 793
823 793
824 793
795 794
823 794
824 794
825 794
796 795
824 795
825 795
826 795
797 796
825 796
826 796
827 796
798 797
826 797
827 797
828 797
799 798
827 798
828 798
829 798
800 799
828 799
829 799
830 799
801 800
829 800
830 800
831 800
802 801
830 801
831 801
832 801
803 802
831 802
832 802
833 802
804 803
832 803
833 803
834 803
805 804
833 804
834 804
835 804
806 805
834 805
835 805
836 805
807 806
835 806
836 806
837 806
808 807
836 807
837 807
838 807
809 808
837 808
838 808
839 808
810 809
838 809
839 809
840 809
839 810
840 810
812 811
841 811
842 811
813 812
841 812
842 812
843 812
814 813
842 813
843 813
844 813
815 814
843 814
844 814
845 814
816 815
844 815
845 815
846 815
817 816
845 816
846 816
847 816
818 817
846 817
847 817
848 817
819 818
847 818
848 818
849 818
820 819
848 819
849 819
850 819
821 820
849 820
850 820
851 820
822 821
850 821
851 821
852 821
823 822
851 822
852 822
853 822
824 823
852 823
853 823
854 823
825 824
853 824
854 824
855 824
826 825
854 825
855 825
856 825
827 826
855 826
856 826
857 826
828 827
856 827
857 827
858 827
829 828
857 828
858 828
859 828
830 829
858 829
859 829
860 829
831 830
859 830
860 830
861 830
832 831
860 831
861 831
862 831
833 832
861 832
862 832
863 832
834 833
862 833
863 833
864 833
835 834
863 834
864 834
865 834
836 835
864 835
865 835
866 835
837 836
865 836
866 836
867 836
838 837
866 837
867 837
868 837
839 838
867 838
868 838
869 838
840 839
868 839
869 839
870 839
869 840
870 840
842 841
871 841
872 841
843 842
871 842
872 842
873 842
844 843
872 843
873 843
874 843
845 844
873 844
874 844
875 844
846 845
874 845
875 845
876 845
847 846
875 846
876 846
877 846
848 847
876 847
877 847
878 847
849 848
877 848
878 848
879 848
850 849
878 849
879 849
880 849
851 850
879 850
880 850
881 850
852 851
880 851
881 851
882 851
853 852
881 852
882 852
883 852
854 853
882 853
883 853
884 853
855 854
883 854
884 854
885 854
856 855
884 855
885 855
886 855
857 856
885 856
886 856
887 856
858 857
886 857
887 857
888 857
859 858
887 858
888 858
889 858
860 859
888 859
889 859
890 859
861 860
889 860
890 860
891 860
862 861
890 861
891 861
892 861
863 862
891 862
892 862
893 862
864 863
892 863
893 863
894 863
865 864
893 864
894 864
895 864
866 865
894 865
895 865
896 865
867 866
895 866
896 866
897 866
868 867
896 867
897 867
898 867
869 868
897 868
898 868
899 868
870 869
898 869
899 869
900 869
899 870
900 870
872 871
873 872
874 873
875 874
876 875
877 876
878 877
879 878
880 879
881 880
882 881
883 882
884 883
885 884
886 885
887 886
888 887
889 888
890 889
891 890
892 891
893 892
894 893
895 894
896 895
897 896
898 897
899 898
900 899
