
237 237 390
4 1
5 2
6 2
5 3
6 3
7 4
8 5
9 5
8 6
9 6
10 7
11 8
12 8
11 9
12 9
13 10
14 11
15 11
14 12
15 12
16 13
17 14
18 14
17 15
18 15
19 16
20 17
21 17
20 18
21 18
22 19
23 20
24 20
23 21
24 21
25 22
26 23
27 23
26 24
27 24
28 25
29 26
30 26
29 27
30 27
31 28
32 29
33 29
32 30
33 30
34 31
35 32
36 32
35 33
36 33
37 34
38 35
39 35
38 36
39 36
40 37
41 38
42 38
41 39
42 39
43 40
44 41
45 41
44 42
45 42
46 43
47 44
48 44
47 45
48 45
49 46
50 47
51 47
50 48
51 48
52 49
53 50
54 50
53 51
54 51
55 52
56 53
57 53
56 54
57 54
58 55
59 56
60 56
59 57
60 57
61 58
62 59
63 59
62 60
63 60
64 61
65 62
66 62
65 63
66 63
67 64
68 65
69 65
68 66
69 66
70 67
71 68
72 68
71 69
72 69
73 70
74 71
75 71
74 72
75 72
76 73
77 74
78 74
77 75
78 75
79 76
80 77
81 77
80 78
81 78
82 79
83 80
84 80
83 81
84 81
85 82
86 83
87 83
86 84
87 84
88 85
89 86
90 86
89 87
90 87
91 88
92 89
93 89
92 90
93 90
94 91
95 92
96 92
95 93
96 93
97 94
98 95
99 95
98 96
99 96
100 97
101 98
102 98
101 99
102 99
103 100
104 101
105 101
104 102
105 102
106 103
107 104
108 104
107 105
108 105
109 106
110 107
111 107
110 108
111 108
112 109
113 110
114 110
113 111
114 111
115 112
116 113
117 113
116 114
117 114
118 115
119 116
120 116
119 117
120 117
121 118
122 119
123 119
122 120
123 120
124 121
125 122
126 122
125 123
126 123
127 124
128 125
129 125
128 126
129 126
130 127
131 128
132 128
131 129
132 129
133 130
134 131
135 131
134 132
135 132
136 133
137 134
138 134
137 135
138 135
139 136
140 137
141 137
140 138
141 138
142 139
143 140
144 140
143 141
144 141
145 142
146 143
147 143
146 144
147 144
148 145
149 146
150 146
149 147
150 147
151 148
152 149
153 149
152 150
153 150
154 151
155 152
156 152
155 153
156 153
157 154
158 155
159 155
158 156
159 156
160 157
161 158
162 158
161 159
162 159
163 160
164 161
165 161
164 162
165 162
166 163
167 164
168 164
167 165
168 165
169 166
170 167
171 167
170 168
171 168
172 169
173 170
174 170
173 171
174 171
175 172
176 173
177 173
176 174
177 174
178 175
179 176
180 176
179 177
180 177
181 178
182 179
183 179
182 180
183 180
184 181
185 182
186 182
185 183
186 183
187 184
188 185
189 185
188 186
189 186
190 187
191 188
192 188
191 189
192 189
193 190
194 191
195 191
194 192
195 192
196 193
197 194
198 194
197 195
198 195
199 196
200 197
201 197
200 198
201 198
202 199
203 200
204 200
203 201
204 201
205 202
206 203
207 203
206 204
207 204
208 205
209 206
210 206
209 207
210 207
211 208
212 209
213 209
212 210
213 210
214 211
215 212
216 212
215 213
216 213
217 214
218 215
219 215
218 216
219 216
220 217
221 218
222 218
221 219
222 219
223 220
224 221
225 221
224 222
225 222
226 223
227 224
228 224
227 225
228 225
229 226
230 227
231 227
230 228
231 228
232 229
233 230
234 230
233 231
234 231
235 232
236 233
237 233
236 234
237 234
