
729 729 1944
2 1
10 1
82 1
3 2
11 2
83 2
4 3
12 3
84 3
5 4
13 4
85 4
6 5
14 5
86 5
7 6
15 6
87 6
8 7
16 7
88 7
9 8
17 8
89 8
18 9
90 9
11 10
19 10
91 10
12 11
20 11
92 11
13 12
21 12
93 12
14 13
22 13
94 13
15 14
23 14
95 14
16 15
24 15
96 15
17 16
25 16
97 16
18 17
26 17
98 17
27 18
99 18
20 19
28 19
100 19
21 20
29 20
101 20
22 21
30 21
102 21
23 22
31 22
103 22
24 23
32 23
104 23
25 24
33 24
105 24
26 25
34 25
106 25
27 26
35 26
107 26
36 27
108 27
29 28
37 28
109 28
30 29
38 29
110 29
31 30
39 30
111 30
32 31
40 31
112 31
33 32
41 32
113 32
34 33
42 33
114 33
35 34
43 34
115 34
36 35
44 35
116 35
45 36
117 36
38 37
46 37
118 37
39 38
47 38
119 38
40 39
48 39
120 39
41 40
49 40
121 40
42 41
50 41
122 41
43 42
51 42
123 42
44 43
52 43
124 43
45 44
53 44
125 44
54 45
126 45
47 46
55 46
127 46
48 47
56 47
128 47
49 48
57 48
129 48
50 49
58 49
130 49
51 50
59 50
131 50
52 51
60 51
132 51
53 52
61 52
133 52
54 53
62 53
134 53
63 54
135 54
56 55
64 55
136 55
57 56
65 56
137 56
58 57
66 57
138 57
59 58
67 58
139 58
60 59
68 59
140 59
61 60
69 60
141 60
62 61
70 61
142 61
63 62
71 62
143 62
72 63
144 63
65 64
73 64
145 64
66 65
74 65
146 65
67 66
75 66
147 66
68 67
76 67
148 67
69 68
77 68
149 68
70 69
78 69
150 69
71 70
79 70
151 70
72 71
80 71
152 71
81 72
153 72
74 73
154 73
75 74
155 74
76 75
156 75
77 76
157 76
78 77
158 77
79 78
159 78
80 79
160 79
81 80
161 80
162 81
83 82
91 82
163 82
84 83
92 83
164 83
85 84
93 84
165 84
86 85
94 85
166 85
87 86
95 86
167 86
88 87
96 87
168 87
89 88
97 88
169 88
90 89
98 89
170 89
99 90
171 90
92 91
100 91
172 91
93 92
101 92
173 92
94 93
102 93
174 93
95 94
103 94
175 94
96 95
104 95
176 95
97 96
105 96
177 96
98 97
106 97
178 97
99 98
107 98
179 98
108 99
180 99
101 100
109 100
181 100
102 101
110 101
182 101
103 102
111 102
183 102
104 103
112 103
184 103
105 104
113 104
185 104
106 105
114 105
186 105
107 106
115 106
187 106
108 107
116 107
188 107
117 108
189 108
110 109
118 109
190 109
111 110
119 110
191 110
112 111
120 111
192 111
113 112
121 112
193 112
114 113
122 113
194 113
115 114
123 114
195 114
116 115
124 115
196 115
117 116
125 116
197 116
126 117
198 117
119 118
127 118
199 118
120 119
128 119
200 119
121 120
129 120
201 120
122 121
130 121
202 121
123 122
131 122
203 122
124 123
132 123
204 123
125 124
133 124
205 124
126 125
134 125
206 125
135 126
207 126
128 127
136 127
208 127
129 128
137 128
209 128
130 129
138 129
210 129
131 130
139 130
211 130
132 131
140 131
212 131
133 132
141 132
213 132
134 133
142 133
214 133
135 134
143 134
215 134
144 135
216 135
137 136
145 136
217 136
138 137
146 137
218 137
139 138
147 138
219 138
140 139
148 139
220 139
141 140
149 140
221 140
142 141
150 141
222 141
143 142
151 142
223 142
144 143
152 143
224 143
153 144
225 144
146 145
154 145
226 145
147 146
155 146
227 146
148 147
156 147
228 147
149 148
157 148
229 148
150 149
158 149
230 149
151 150
159 150
231 150
152 151
160 151
232 151
153 152
161 152
233 152
162 153
234 153
155 154
235 154
156 155
236 155
157 156
237 156
158 157
238 157
159 158
239 158
160 159
240 159
161 160
241 160
162 161
242 161
243 162
164 163
172 163
244 163
165 164
173 164
245 164
166 165
174 165
246 165
167 166
175 166
247 166
168 167
176 167
248 167
169 168
177 168
249 168
170 169
178 169
250 169
171 170
179 170
251 170
180 171
252 171
173 172
181 172
253 172
174 173
182 173
254 173
175 174
183 174
255 174
176 175
184 175
256 175
177 176
185 176
257 176
178 177
186 177
258 177
179 178
187 178
259 178
180 179
188 179
260 179
189 180
261 180
182 181
190 181
262 181
183 182
191 182
263 182
184 183
192 183
264 183
185 184
193 184
265 184
186 185
194 185
266 185
187 186
195 186
267 186
188 187
196 187
268 187
189 188
197 188
269 188
198 189
270 189
191 190
199 190
271 190
192 191
200 191
272 191
193 192
201 192
273 192
194 193
202 193
274 193
195 194
203 194
275 194
196 195
204 195
276 195
197 196
205 196
277 196
198 197
206 197
278 197
207 198
279 198
200 199
208 199
280 199
201 200
209 200
281 200
202 201
210 201
282 201
203 202
211 202
283 202
204 203
212 203
284 203
205 204
213 204
285 204
206 205
214 205
286 205
207 206
215 206
287 206
216 207
288 207
209 208
217 208
289 208
210 209
218 209
290 209
211 210
219 210
291 210
212 211
220 211
292 211
213 212
221 212
293 212
214 213
222 213
294 213
215 214
223 214
295 214
216 215
224 215
296 215
225 216
297 216
218 217
226 217
298 217
219 218
227 218
299 218
220 219
228 219
300 219
221 220
229 220
301 220
222 221
230 221
302 221
223 222
231 222
303 222
224 223
232 223
304 223
225 224
233 224
305 224
234 225
306 225
227 226
235 226
307 226
228 227
236 227
308 227
229 228
237 228
309 228
230 229
238 229
310 229
231 230
239 230
311 230
232 231
240 231
312 231
233 232
241 232
313 232
234 233
242 233
314 233
243 234
315 234
236 235
316 235
237 236
317 236
238 237
318 237
239 238
319 238
240 239
320 239
241 240
321 240
242 241
322 241
243 242
323 242
324 243
245 244
253 244
325 244
246 245
254 245
326 245
247 246
255 246
327 246
248 247
256 247
328 247
249 248
257 248
329 248
250 249
258 249
330 249
251 250
259 250
331 250
252 251
260 251
332 251
261 252
333 252
254 253
262 253
334 253
255 254
263 254
335 254
256 255
264 255
336 255
257 256
265 256
337 256
258 257
266 257
338 257
259 258
267 258
339 258
260 259
268 259
340 259
261 260
269 260
341 260
270 261
342 261
263 262
271 262
343 262
264 263
272 263
344 263
265 264
273 264
345 264
266 265
274 265
346 265
267 266
275 266
347 266
268 267
276 267
348 267
269 268
277 268
349 268
270 269
278 269
350 269
279 270
351 270
272 271
280 271
352 271
273 272
281 272
353 272
274 273
282 273
354 273
275 274
283 274
355 274
276 275
284 275
356 275
277 276
285 276
357 276
278 277
286 277
358 277
279 278
287 278
359 278
288 279
360 279
281 280
289 280
361 280
282 281
290 281
362 281
283 282
291 282
363 282
284 283
292 283
364 283
285 284
293 284
365 284
286 285
294 285
366 285
287 286
295 286
367 286
288 287
296 287
368 287
297 288
369 288
290 289
298 289
370 289
291 290
299 290
371 290
292 291
300 291
372 291
293 292
301 292
373 292
294 293
302 293
374 293
295 294
303 294
375 294
296 295
304 295
376 295
297 296
305 296
377 296
306 297
378 297
299 298
307 298
379 298
300 299
308 299
380 299
301 300
309 300
381 300
302 301
310 301
382 301
303 302
311 302
383 302
304 303
312 303
384 303
305 304
313 304
385 304
306 305
314 305
386 305
315 306
387 306
308 307
316 307
388 307
309 308
317 308
389 308
310 309
318 309
390 309
311 310
319 310
391 310
312 311
320 311
392 311
313 312
321 312
393 312
314 313
322 313
394 313
315 314
323 314
395 314
324 315
396 315
317 316
397 316
318 317
398 317
319 318
399 318
320 319
400 319
321 320
401 320
322 321
402 321
323 322
403 322
324 323
404 323
405 324
326 325
334 325
406 325
327 326
335 326
407 326
328 327
336 327
408 327
329 328
337 328
409 328
330 329
338 329
410 329
331 330
339 330
411 330
332 331
340 331
412 331
333 332
341 332
413 332
342 333
414 333
335 334
343 334
415 334
336 335
344 335
416 335
337 336
345 336
417 336
338 337
346 337
418 337
339 338
347 338
419 338
340 339
348 339
420 339
341 340
349 340
421 340
342 341
350 341
422 341
351 342
423 342
344 343
352 343
424 343
345 344
353 344
425 344
346 345
354 345
426 345
347 346
355 346
427 346
348 347
356 347
428 347
349 348
357 348
429 348
350 349
358 349
430 349
351 350
359 350
431 350
360 351
432 351
353 352
361 352
433 352
354 353
362 353
434 353
355 354
363 354
435 354
356 355
364 355
436 355
357 356
365 356
437 356
358 357
366 357
438 357
359 358
367 358
439 358
360 359
368 359
440 359
369 360
441 360
362 361
370 361
442 361
363 362
371 362
443 362
364 363
372 363
444 363
365 364
373 364
445 364
366 365
374 365
446 365
367 366
375 366
447 366
368 367
376 367
448 367
369 368
377 368
449 368
378 369
450 369
371 370
379 370
451 370
372 371
380 371
452 371
373 372
381 372
453 372
374 373
382 373
454 373
375 374
383 374
455 374
376 375
384 375
456 375
377 376
385 376
457 376
378 377
386 377
458 377
387 378
459 378
380 379
388 379
460 379
381 380
389 380
461 380
382 381
390 381
462 381
383 382
391 382
463 382
384 383
392 383
464 383
385 384
393 384
465 384
386 385
394 385
466 385
387 386
395 386
467 386
396 387
468 387
389 388
397 388
469 388
390 389
398 389
470 389
391 390
399 390
471 390
392 391
400 391
472 391
393 392
401 392
473 392
394 393
402 393
474 393
395 394
403 394
475 394
396 395
404 395
476 395
405 396
477 396
398 397
478 397
399 398
479 398
400 399
480 399
401 400
481 400
402 401
482 401
403 402
483 402
404 403
484 403
405 404
485 404
486 405
407 406
415 406
487 406
408 407
416 407
488 407
409 408
417 408
489 408
410 409
418 409
490 409
411 410
419 410
491 410
412 411
420 411
492 411
413 412
421 412
493 412
414 413
422 413
494 413
423 414
495 414
416 415
424 415
496 415
417 416
425 416
497 416
418 417
426 417
498 417
419 418
427 418
499 418
420 419
428 419
500 419
421 420
429 420
501 420
422 421
430 421
502 421
423 422
431 422
503 422
432 423
504 423
425 424
433 424
505 424
426 425
434 425
506 425
427 426
435 426
507 426
428 427
436 427
508 427
429 428
437 428
509 428
430 429
438 429
510 429
431 430
439 430
511 430
432 431
440 431
512 431
441 432
513 432
434 433
442 433
514 433
435 434
443 434
515 434
436 435
444 435
516 435
437 436
445 436
517 436
438 437
446 437
518 437
439 438
447 438
519 438
440 439
448 439
520 439
441 440
449 440
521 440
450 441
522 441
443 442
451 442
523 442
444 443
452 443
524 443
445 444
453 444
525 444
446 445
454 445
526 445
447 446
455 446
527 446
448 447
456 447
528 447
449 448
457 448
529 448
450 449
458 449
530 449
459 450
531 450
452 451
460 451
532 451
453 452
461 452
533 452
454 453
462 453
534 453
455 454
463 454
535 454
456 455
464 455
536 455
457 456
465 456
537 456
458 457
466 457
538 457
459 458
467 458
539 458
468 459
540 459
461 460
469 460
541 460
462 461
470 461
542 461
463 462
471 462
543 462
464 463
472 463
544 463
465 464
473 464
545 464
466 465
474 465
546 465
467 466
475 466
547 466
468 467
476 467
548 467
477 468
549 468
470 469
478 469
550 469
471 470
479 470
551 470
472 471
480 471
552 471
473 472
481 472
553 472
474 473
482 473
554 473
475 474
483 474
555 474
476 475
484 475
556 475
477 476
485 476
557 476
486 477
558 477
479 478
559 478
480 479
560 479
481 480
561 480
482 481
562 481
483 482
563 482
484 483
564 483
485 484
565 484
486 485
566 485
567 486
488 487
496 487
568 487
489 488
497 488
569 488
490 489
498 489
570 489
491 490
499 490
571 490
492 491
500 491
572 491
493 492
501 492
573 492
494 493
502 493
574 493
495 494
503 494
575 494
504 495
576 495
497 496
505 496
577 496
498 497
506 497
578 497
499 498
507 498
579 498
500 499
508 499
580 499
501 500
509 500
581 500
502 501
510 501
582 501
503 502
511 502
583 502
504 503
512 503
584 503
513 504
585 504
506 505
514 505
586 505
507 506
515 506
587 506
508 507
516 507
588 507
509 508
517 508
589 508
510 509
518 509
590 509
511 510
519 510
591 510
512 511
520 511
592 511
513 512
521 512
593 512
522 513
594 513
515 514
523 514
595 514
516 515
524 515
596 515
517 516
525 516
597 516
518 517
526 517
598 517
519 518
527 518
599 518
520 519
528 519
600 519
521 520
529 520
601 520
522 521
530 521
602 521
531 522
603 522
524 523
532 523
604 523
525 524
533 524
605 524
526 525
534 525
606 525
527 526
535 526
607 526
528 527
536 527
608 527
529 528
537 528
609 528
530 529
538 529
610 529
531 530
539 530
611 530
540 531
612 531
533 532
541 532
613 532
534 533
542 533
614 533
535 534
543 534
615 534
536 535
544 535
616 535
537 536
545 536
617 536
538 537
546 537
618 537
539 538
547 538
619 538
540 539
548 539
620 539
549 540
621 540
542 541
550 541
622 541
543 542
551 542
623 542
544 543
552 543
624 543
545 544
553 544
625 544
546 545
554 545
626 545
547 546
555 546
627 546
548 547
556 547
628 547
549 548
557 548
629 548
558 549
630 549
551 550
559 550
631 550
552 551
560 551
632 551
553 552
561 552
633 552
554 553
562 553
634 553
555 554
563 554
635 554
556 555
564 555
636 555
557 556
565 556
637 556
558 557
566 557
638 557
567 558
639 558
560 559
640 559
561 560
641 560
562 561
642 561
563 562
643 562
564 563
644 563
565 564
645 564
566 565
646 565
567 566
647 566
648 567
569 568
577 568
649 568
570 569
578 569
650 569
571 570
579 570
651 570
572 571
580 571
652 571
573 572
581 572
653 572
574 573
582 573
654 573
575 574
583 574
655 574
576 575
584 575
656 575
585 576
657 576
578 577
586 577
658 577
579 578
587 578
659 578
580 579
588 579
660 579
581 580
589 580
661 580
582 581
590 581
662 581
583 582
591 582
663 582
584 583
592 583
664 583
585 584
593 584
665 584
594 585
666 585
587 586
595 586
667 586
588 587
596 587
668 587
589 588
597 588
669 588
590 589
598 589
670 589
591 590
599 590
671 590
592 591
600 591
672 591
593 592
601 592
673 592
594 593
602 593
674 593
603 594
675 594
596 595
604 595
676 595
597 596
605 596
677 596
598 597
606 597
678 597
599 598
607 598
679 598
600 599
608 599
680 599
601 600
609 600
681 600
602 601
610 601
682 601
603 602
611 602
683 602
612 603
684 603
605 604
613 604
685 604
606 605
614 605
686 605
607 606
615 606
687 606
608 607
616 607
688 607
609 608
617 608
689 608
610 609
618 609
690 609
611 610
619 610
691 610
612 611
620 611
692 611
621 612
693 612
614 613
622 613
694 613
615 614
623 614
695 614
616 615
624 615
696 615
617 616
625 616
697 616
618 617
626 617
698 617
619 618
627 618
699 618
620 619
628 619
700 619
621 620
629 620
701 620
630 621
702 621
623 622
631 622
703 622
624 623
632 623
704 623
625 624
633 624
705 624
626 625
634 625
706 625
627 626
635 626
707 626
628 627
636 627
708 627
629 628
637 628
709 628
630 629
638 629
710 629
639 630
711 630
632 631
640 631
712 631
633 632
641 632
713 632
634 633
642 633
714 633
635 634
643 634
715 634
636 635
644 635
716 635
637 636
645 636
717 636
638 637
646 637
718 637
639 638
647 638
719 638
648 639
720 639
641 640
721 640
642 641
722 641
643 642
723 642
644 643
724 643
645 644
725 644
646 645
726 645
647 646
727 646
648 647
728 647
729 648
650 649
658 649
651 650
659 650
652 651
660 651
653 652
661 652
654 653
662 653
655 654
663 654
656 655
664 655
657 656
665 656
666 657
659 658
667 658
660 659
668 659
661 660
669 660
662 661
670 661
663 662
671 662
664 663
672 663
665 664
673 664
666 665
674 665
675 666
668 667
676 667
669 668
677 668
670 669
678 669
671 670
679 670
672 671
680 671
673 672
681 672
674 673
682 673
675 674
683 674
684 675
677 676
685 676
678 677
686 677
679 678
687 678
680 679
688 679
681 680
689 680
682 681
690 681
683 682
691 682
684 683
692 683
693 684
686 685
694 685
687 686
695 686
688 687
696 687
689 688
697 688
690 689
698 689
691 690
699 690
692 691
700 691
693 692
701 692
702 693
695 694
703 694
696 695
704 695
697 696
705 696
698 697
706 697
699 698
707 698
700 699
708 699
701 700
709 700
702 701
710 701
711 702
704 703
712 703
705 704
713 704
706 705
714 705
707 706
715 706
708 707
716 707
709 708
717 708
710 709
718 709
711 710
719 710
720 711
713 712
721 712
714 713
722 713
715 714
723 714
716 715
724 715
717 716
725 716
718 717
726 717
719 718
727 718
720 719
728 719
729 720
722 721
723 722
724 723
725 724
726 725
727 726
728 727
729 728
